person_58 0.281250 0.766667 0.282813 0.768750 0.284375 0.768750 0.285938 0.770833 0.285938 0.768750 0.287500 0.766667 
person_58 0.306250 0.750000 0.304688 0.752083 0.306250 0.752083 
person_58 0.281250 0.750000 0.281250 0.754167 0.282813 0.756250 0.282813 0.758333 0.284375 0.756250 0.285938 0.756250 0.287500 0.754167 0.287500 0.750000 
person_58 0.734375 0.706250 0.732812 0.708333 0.734375 0.710417 0.735938 0.710417 0.735938 0.706250 
person_58 0.735938 0.689583 0.734375 0.691667 0.734375 0.695833 0.735938 0.697917 
person_58 0.251563 0.641667 0.251563 0.643750 0.253125 0.641667 
person_58 0.231250 0.637500 0.231250 0.639583 0.229687 0.641667 0.231250 0.643750 0.231250 0.650000 0.229687 0.652083 0.229687 0.658333 0.232813 0.658333 0.232813 0.652083 0.231250 0.650000 0.231250 0.643750 0.232813 0.641667 0.232813 0.637500 
person_58 0.312500 0.633333 0.314063 0.635417 0.314063 0.633333 
person_58 0.270313 0.622917 0.268750 0.625000 0.265625 0.625000 0.265625 0.627083 0.268750 0.627083 0.270313 0.629167 0.271875 0.629167 0.273438 0.627083 0.275000 0.627083 0.275000 0.625000 0.271875 0.625000 
person_58 0.296875 0.608333 0.296875 0.618750 0.298438 0.620833 0.303125 0.614583 0.300000 0.610417 0.300000 0.608333 
person_58 0.289062 0.608333 0.287500 0.610417 0.287500 0.612500 0.285938 0.614583 0.287500 0.614583 0.289062 0.612500 0.290625 0.612500 0.292187 0.610417 0.290625 0.608333 
person_58 0.296875 0.593750 0.296875 0.602083 0.298438 0.604167 0.300000 0.602083 0.300000 0.600000 0.301563 0.597917 0.298438 0.593750 
person_58 0.290625 0.593750 0.289062 0.595833 0.290625 0.597917 
person_58 0.257812 0.593750 0.254688 0.597917 0.253125 0.595833 0.251563 0.595833 0.253125 0.595833 0.257812 0.602083 0.257812 0.604167 0.259375 0.606250 0.257812 0.608333 0.256250 0.608333 0.256250 0.610417 0.254688 0.612500 0.253125 0.610417 0.251563 0.610417 0.251563 0.612500 0.253125 0.614583 0.251563 0.616667 0.251563 0.618750 0.251563 0.616667 0.253125 0.614583 0.256250 0.614583 0.257812 0.616667 0.257812 0.620833 0.256250 0.622917 0.256250 0.627083 0.254688 0.629167 0.256250 0.629167 0.257812 0.631250 0.257812 0.635417 0.256250 0.637500 0.257812 0.639583 0.257812 0.641667 0.253125 0.647917 0.251563 0.647917 0.251563 0.650000 0.253125 0.650000 0.254688 0.652083 0.254688 0.654167 0.256250 0.654167 0.257812 0.656250 0.257812 0.658333 0.259375 0.658333 0.262500 0.654167 0.264062 0.654167 0.265625 0.656250 0.265625 0.658333 0.268750 0.658333 0.270313 0.660417 0.271875 0.660417 0.273438 0.662500 0.273438 0.668750 0.271875 0.670833 0.265625 0.670833 0.260937 0.664583 0.260937 0.662500 0.257812 0.662500 0.257812 0.664583 0.256250 0.666667 0.256250 0.668750 0.254688 0.670833 0.250000 0.670833 0.248438 0.668750 0.250000 0.666667 0.251563 0.666667 0.251563 0.664583 0.250000 0.664583 0.245312 0.658333 0.239063 0.658333 0.239063 0.660417 0.235937 0.664583 0.232813 0.664583 0.231250 0.662500 0.229687 0.664583 0.231250 0.666667 0.231250 0.668750 0.232813 0.668750 0.234375 0.666667 0.237500 0.666667 0.239063 0.668750 0.237500 0.670833 0.237500 0.675000 0.239063 0.677083 0.240625 0.677083 0.242188 0.679167 0.242188 0.683333 0.239063 0.687500 0.234375 0.687500 0.234375 0.689583 0.235937 0.691667 0.235937 0.693750 0.239063 0.697917 0.239063 0.700000 0.237500 0.702083 0.235937 0.702083 0.235937 0.706250 0.239063 0.710417 0.240625 0.710417 0.242188 0.712500 0.242188 0.714583 0.240625 0.716667 0.239063 0.716667 0.237500 0.718750 0.237500 0.722917 0.239063 0.725000 0.239063 0.727083 0.240625 0.729167 0.240625 0.733333 0.239063 0.735417 0.239063 0.737500 0.240625 0.739583 0.242188 0.739583 0.243750 0.741667 0.246875 0.741667 0.248438 0.743750 0.248438 0.747917 0.246875 0.750000 0.248438 0.752083 0.248438 0.754167 0.250000 0.756250 0.250000 0.758333 0.251563 0.760417 0.251563 0.762500 0.253125 0.762500 0.254688 0.764583 0.254688 0.766667 0.256250 0.766667 0.257812 0.764583 0.260937 0.764583 0.262500 0.766667 0.264062 0.766667 0.265625 0.768750 0.268750 0.768750 0.270313 0.770833 0.273438 0.766667 0.262500 0.766667 0.260937 0.764583 0.260937 0.762500 0.264062 0.758333 0.264062 0.756250 0.265625 0.754167 0.267188 0.754167 0.268750 0.752083 0.271875 0.752083 0.273438 0.750000 0.273438 0.747917 0.275000 0.745833 0.276562 0.745833 0.278125 0.747917 0.279687 0.745833 0.279687 0.739583 0.281250 0.737500 0.282813 0.737500 0.284375 0.739583 0.285938 0.739583 0.289062 0.735417 0.287500 0.733333 0.287500 0.731250 0.293750 0.722917 0.293750 0.720833 0.292187 0.718750 0.289062 0.718750 0.285938 0.714583 0.289062 0.710417 0.287500 0.708333 0.289062 0.706250 0.290625 0.706250 0.295312 0.700000 0.295312 0.695833 0.296875 0.693750 0.296875 0.691667 0.298438 0.689583 0.300000 0.689583 0.298438 0.687500 0.296875 0.687500 0.293750 0.683333 0.295312 0.681250 0.295312 0.679167 0.300000 0.672917 0.298438 0.670833 0.295312 0.670833 0.292187 0.666667 0.292187 0.664583 0.293750 0.662500 0.296875 0.666667 0.298438 0.666667 0.298438 0.664583 0.296875 0.662500 0.296875 0.660417 0.300000 0.656250 0.300000 0.654167 0.301563 0.652083 0.301563 0.650000 0.304688 0.645833 0.304688 0.643750 0.306250 0.641667 0.306250 0.639583 0.304688 0.637500 0.306250 0.635417 0.306250 0.633333 0.304688 0.633333 0.303125 0.631250 0.303125 0.629167 0.304688 0.627083 0.304688 0.625000 0.303125 0.627083 0.301563 0.625000 0.296875 0.625000 0.296875 0.627083 0.298438 0.629167 0.296875 0.631250 0.296875 0.635417 0.298438 0.637500 0.296875 0.639583 0.296875 0.654167 0.295312 0.656250 0.292187 0.656250 0.290625 0.654167 0.282813 0.654167 0.281250 0.652083 0.282813 0.650000 0.282813 0.647917 0.281250 0.647917 0.279687 0.650000 0.278125 0.650000 0.276562 0.647917 0.275000 0.647917 0.273438 0.645833 0.275000 0.643750 0.276562 0.643750 0.276562 0.639583 0.275000 0.639583 0.273438 0.637500 0.275000 0.635417 0.276562 0.635417 0.275000 0.633333 0.273438 0.633333 0.273438 0.635417 0.271875 0.637500 0.270313 0.637500 0.268750 0.639583 0.264062 0.639583 0.260937 0.635417 0.260937 0.631250 0.262500 0.629167 0.260937 0.627083 0.260937 0.625000 0.262500 0.622917 0.260937 0.620833 0.260937 0.616667 0.262500 0.614583 0.264062 0.614583 0.265625 0.616667 0.265625 0.618750 0.267188 0.618750 0.270313 0.614583 0.271875 0.614583 0.273438 0.616667 0.273438 0.618750 0.275000 0.618750 0.275000 0.616667 0.273438 0.614583 0.276562 0.610417 0.275000 0.608333 0.273438 0.608333 0.271875 0.606250 0.273438 0.604167 0.275000 0.604167 0.275000 0.600000 0.273438 0.600000 0.273438 0.602083 0.271875 0.604167 0.270313 0.604167 0.268750 0.602083 0.268750 0.600000 0.271875 0.595833 0.275000 0.595833 0.273438 0.593750 0.264062 0.593750 0.262500 0.595833 0.260937 0.593750 
person_58 0.306250 0.585417 0.304688 0.587500 0.306250 0.587500 
person_58 0.281250 0.570833 0.281250 0.575000 0.282813 0.577083 0.284375 0.575000 0.287500 0.575000 0.285938 0.575000 0.282813 0.570833 
person_58 0.248438 0.556250 0.246875 0.558333 0.246875 0.566667 0.245312 0.568750 0.246875 0.570833 0.245312 0.572917 0.245312 0.575000 0.248438 0.575000 0.248438 0.572917 0.246875 0.570833 0.248438 0.568750 
person_58 0.709375 0.200000 0.710938 0.202083 0.712500 0.202083 0.714063 0.200000 0.715625 0.200000 
person_58 0.431250 0.183333 0.429688 0.185417 0.437500 0.185417 0.437500 0.183333 
person_58 0.304688 0.141667 0.303125 0.143750 0.285938 0.143750 0.284375 0.145833 0.281250 0.145833 0.279687 0.147917 0.273438 0.147917 0.271875 0.150000 0.270313 0.150000 0.268750 0.152083 0.264062 0.152083 0.262500 0.154167 0.257812 0.154167 0.256250 0.156250 0.253125 0.156250 0.251563 0.158333 0.243750 0.158333 0.243750 0.160417 0.242188 0.162500 0.240625 0.162500 0.239063 0.164583 0.237500 0.164583 0.235937 0.166667 0.231250 0.166667 0.228125 0.170833 0.226562 0.170833 0.225000 0.172917 0.223438 0.172917 0.221875 0.175000 0.218750 0.175000 0.217188 0.177083 0.215625 0.177083 0.214062 0.179167 0.212500 0.179167 0.210938 0.181250 0.207813 0.181250 0.206250 0.183333 0.204687 0.183333 0.203125 0.185417 0.201563 0.185417 0.203125 0.185417 0.206250 0.189583 0.206250 0.191667 0.204687 0.193750 0.198437 0.193750 0.196875 0.195833 0.195312 0.195833 0.195312 0.197917 0.196875 0.197917 0.198437 0.200000 0.196875 0.202083 0.195312 0.202083 0.195312 0.208333 0.193750 0.210417 0.193750 0.214583 0.190625 0.218750 0.189062 0.218750 0.189062 0.225000 0.187500 0.227083 0.189062 0.229167 0.189062 0.231250 0.187500 0.233333 0.187500 0.239583 0.189062 0.241667 0.189062 0.243750 0.192188 0.247917 0.193750 0.247917 0.195312 0.250000 0.196875 0.250000 0.200000 0.254167 0.200000 0.258333 0.203125 0.258333 0.206250 0.262500 0.206250 0.264583 0.204687 0.266667 0.206250 0.268750 0.206250 0.272917 0.204687 0.275000 0.206250 0.277083 0.206250 0.279167 0.204687 0.281250 0.204687 0.287500 0.203125 0.289583 0.203125 0.293750 0.201563 0.295833 0.201563 0.310417 0.200000 0.312500 0.196875 0.312500 0.195312 0.314583 0.195312 0.318750 0.193750 0.320833 0.193750 0.322917 0.192188 0.325000 0.193750 0.327083 0.193750 0.331250 0.189062 0.337500 0.189062 0.341667 0.187500 0.343750 0.189062 0.345833 0.189062 0.347917 0.185938 0.352083 0.185938 0.354167 0.184375 0.356250 0.184375 0.362500 0.185938 0.364583 0.185938 0.368750 0.184375 0.370833 0.184375 0.372917 0.182812 0.375000 0.181250 0.375000 0.181250 0.377083 0.179688 0.379167 0.179688 0.381250 0.176563 0.385417 0.176563 0.389583 0.178125 0.389583 0.179688 0.391667 0.178125 0.393750 0.176563 0.393750 0.175000 0.395833 0.175000 0.397917 0.171875 0.402083 0.168750 0.402083 0.168750 0.404167 0.165625 0.408333 0.165625 0.410417 0.164062 0.412500 0.164062 0.416667 0.162500 0.418750 0.164062 0.420833 0.164062 0.425000 0.160938 0.429167 0.160938 0.433333 0.167187 0.433333 0.168750 0.435417 0.170313 0.435417 0.173437 0.431250 0.175000 0.431250 0.176563 0.433333 0.175000 0.431250 0.176563 0.429167 0.179688 0.429167 0.185938 0.437500 0.185938 0.439583 0.187500 0.441667 0.187500 0.445833 0.190625 0.450000 0.190625 0.452083 0.192188 0.452083 0.193750 0.454167 0.193750 0.458333 0.195312 0.460417 0.195312 0.464583 0.196875 0.466667 0.196875 0.470833 0.200000 0.470833 0.201563 0.472917 0.201563 0.475000 0.203125 0.477083 0.204687 0.477083 0.209375 0.483333 0.209375 0.487500 0.210938 0.489583 0.210938 0.491667 0.212500 0.493750 0.212500 0.495833 0.214062 0.497917 0.214062 0.506250 0.215625 0.508333 0.215625 0.510417 0.215625 0.506250 0.217188 0.504167 0.217188 0.487500 0.218750 0.485417 0.217188 0.483333 0.217188 0.481250 0.218750 0.479167 0.218750 0.472917 0.220312 0.470833 0.221875 0.470833 0.226562 0.477083 0.226562 0.483333 0.225000 0.485417 0.226562 0.485417 0.229687 0.489583 0.228125 0.491667 0.228125 0.493750 0.229687 0.495833 0.231250 0.495833 0.235937 0.489583 0.239063 0.493750 0.239063 0.495833 0.245312 0.504167 0.246875 0.504167 0.253125 0.512500 0.251563 0.514583 0.250000 0.514583 0.248438 0.516667 0.248438 0.518750 0.251563 0.522917 0.253125 0.522917 0.254688 0.525000 0.254688 0.531250 0.256250 0.533333 0.259375 0.533333 0.260937 0.535417 0.264062 0.535417 0.265625 0.537500 0.279687 0.537500 0.281250 0.539583 0.282813 0.539583 0.285938 0.543750 0.282813 0.547917 0.281250 0.547917 0.278125 0.552083 0.276562 0.550000 0.276562 0.545833 0.278125 0.543750 0.276562 0.545833 0.271875 0.545833 0.271875 0.547917 0.270313 0.550000 0.270313 0.552083 0.268750 0.554167 0.267188 0.554167 0.265625 0.556250 0.265625 0.562500 0.267188 0.564583 0.267188 0.562500 0.268750 0.560417 0.270313 0.560417 0.270313 0.558333 0.268750 0.556250 0.268750 0.554167 0.270313 0.552083 0.271875 0.552083 0.273438 0.550000 0.276562 0.550000 0.278125 0.552083 0.279687 0.552083 0.281250 0.554167 0.281250 0.556250 0.282813 0.558333 0.285938 0.554167 0.287500 0.556250 0.287500 0.564583 0.285938 0.566667 0.284375 0.564583 0.284375 0.562500 0.281250 0.562500 0.282813 0.564583 0.284375 0.564583 0.285938 0.566667 0.287500 0.566667 0.289062 0.568750 0.289062 0.570833 0.290625 0.572917 0.290625 0.570833 0.292187 0.568750 0.293750 0.568750 0.295312 0.570833 0.295312 0.572917 0.293750 0.575000 0.296875 0.579167 0.298438 0.579167 0.300000 0.577083 0.303125 0.577083 0.306250 0.581250 0.307812 0.579167 0.307812 0.577083 0.309375 0.575000 0.309375 0.572917 0.310937 0.570833 0.314063 0.570833 0.317188 0.575000 0.314063 0.579167 0.312500 0.579167 0.314063 0.579167 0.315625 0.581250 0.315625 0.583333 0.314063 0.585417 0.312500 0.585417 0.312500 0.589583 0.314063 0.591667 0.314063 0.595833 0.315625 0.597917 0.314063 0.600000 0.312500 0.600000 0.312500 0.620833 0.314063 0.622917 0.315625 0.620833 0.315625 0.618750 0.317188 0.616667 0.318750 0.618750 0.318750 0.620833 0.321875 0.625000 0.329688 0.625000 0.331250 0.627083 0.331250 0.631250 0.329688 0.633333 0.321875 0.633333 0.320312 0.635417 0.320312 0.639583 0.321875 0.641667 0.321875 0.645833 0.320312 0.647917 0.320312 0.654167 0.321875 0.654167 0.323437 0.656250 0.323437 0.664583 0.321875 0.666667 0.321875 0.670833 0.323437 0.672917 0.323437 0.677083 0.321875 0.679167 0.321875 0.693750 0.320312 0.695833 0.320312 0.716667 0.318750 0.718750 0.318750 0.733333 0.317188 0.735417 0.317188 0.745833 0.315625 0.747917 0.315625 0.760417 0.312500 0.764583 0.312500 0.772917 0.310937 0.775000 0.310937 0.777083 0.312500 0.779167 0.312500 0.793750 0.310937 0.795833 0.310937 0.804167 0.309375 0.806250 0.309375 0.810417 0.310937 0.812500 0.310937 0.816667 0.309375 0.818750 0.309375 0.827083 0.310937 0.829167 0.310937 0.833333 0.309375 0.835417 0.309375 0.879167 0.307812 0.881250 0.307812 0.893750 0.306250 0.895833 0.306250 0.920833 0.304688 0.922917 0.304688 0.981250 0.306250 0.983333 0.306250 0.989583 0.309375 0.993750 0.314063 0.993750 0.315625 0.995833 0.332813 0.995833 0.334375 0.993750 0.337500 0.993750 0.339062 0.995833 0.339062 0.997917 0.342187 0.997917 0.342187 0.995833 0.343750 0.993750 0.348438 0.993750 0.350000 0.991667 0.350000 0.989583 0.351562 0.987500 0.351562 0.985417 0.353125 0.983333 0.354687 0.983333 0.356250 0.981250 0.357812 0.981250 0.357812 0.975000 0.359375 0.972917 0.360938 0.972917 0.365625 0.966667 0.365625 0.960417 0.371875 0.952083 0.371875 0.945833 0.373437 0.943750 0.373437 0.933333 0.375000 0.931250 0.375000 0.925000 0.376563 0.922917 0.375000 0.920833 0.375000 0.918750 0.379688 0.912500 0.379688 0.897917 0.381250 0.895833 0.381250 0.893750 0.379688 0.891667 0.381250 0.889583 0.381250 0.881250 0.382812 0.879167 0.382812 0.875000 0.381250 0.872917 0.381250 0.870833 0.382812 0.868750 0.382812 0.866667 0.384375 0.864583 0.389062 0.870833 0.389062 0.872917 0.390625 0.875000 0.390625 0.879167 0.392188 0.881250 0.392188 0.887500 0.393750 0.887500 0.396875 0.891667 0.396875 0.893750 0.403125 0.902083 0.403125 0.906250 0.404687 0.908333 0.404687 0.910417 0.410938 0.918750 0.412500 0.918750 0.414062 0.920833 0.414062 0.922917 0.417187 0.927083 0.418750 0.927083 0.423438 0.933333 0.425000 0.933333 0.429688 0.939583 0.431250 0.939583 0.432812 0.941667 0.437500 0.941667 0.439063 0.939583 0.440625 0.941667 0.440625 0.943750 0.442188 0.945833 0.443750 0.945833 0.443750 0.941667 0.448437 0.935417 0.450000 0.935417 0.450000 0.933333 0.454688 0.927083 0.457813 0.927083 0.460938 0.931250 0.460938 0.937500 0.464062 0.941667 0.465625 0.941667 0.471875 0.950000 0.471875 0.954167 0.473438 0.956250 0.473438 0.958333 0.476562 0.962500 0.476562 0.966667 0.478125 0.968750 0.478125 0.975000 0.476562 0.977083 0.476562 0.979167 0.475000 0.981250 0.473438 0.981250 0.473438 0.983333 0.471875 0.985417 0.470313 0.985417 0.470313 0.989583 0.468750 0.991667 0.465625 0.991667 0.465625 0.995833 0.467187 0.995833 0.468750 0.997917 0.476562 0.997917 0.478125 0.995833 0.479687 0.997917 0.496875 0.997917 0.498437 0.995833 0.501563 0.995833 0.503125 0.997917 0.814063 0.997917 0.817187 0.993750 0.817187 0.989583 0.815625 0.987500 0.815625 0.981250 0.812500 0.977083 0.812500 0.975000 0.810937 0.972917 0.810937 0.970833 0.807813 0.966667 0.807813 0.964583 0.806250 0.962500 0.806250 0.958333 0.803125 0.954167 0.803125 0.947917 0.801562 0.945833 0.801562 0.943750 0.800000 0.941667 0.800000 0.939583 0.796875 0.935417 0.796875 0.933333 0.795312 0.931250 0.795312 0.929167 0.792188 0.925000 0.792188 0.922917 0.789062 0.918750 0.789062 0.916667 0.785937 0.912500 0.785937 0.910417 0.781250 0.904167 0.781250 0.897917 0.779687 0.895833 0.779687 0.891667 0.778125 0.889583 0.778125 0.887500 0.776563 0.885417 0.776563 0.883333 0.775000 0.881250 0.775000 0.879167 0.773438 0.877083 0.773438 0.875000 0.770312 0.870833 0.770312 0.866667 0.765625 0.860417 0.765625 0.858333 0.762500 0.854167 0.762500 0.850000 0.760938 0.847917 0.760938 0.845833 0.757812 0.841667 0.757812 0.839583 0.756250 0.837500 0.756250 0.822917 0.754687 0.820833 0.754687 0.816667 0.753125 0.814583 0.753125 0.812500 0.751563 0.810417 0.751563 0.808333 0.750000 0.806250 0.750000 0.802083 0.748437 0.800000 0.748437 0.793750 0.746875 0.791667 0.746875 0.789583 0.743750 0.785417 0.743750 0.783333 0.742188 0.781250 0.742188 0.777083 0.740625 0.775000 0.740625 0.768750 0.739062 0.766667 0.739062 0.764583 0.740625 0.762500 0.739062 0.760417 0.739062 0.754167 0.737500 0.754167 0.735938 0.752083 0.735938 0.750000 0.737500 0.747917 0.737500 0.745833 0.735938 0.743750 0.735938 0.741667 0.737500 0.739583 0.737500 0.737500 0.735938 0.735417 0.739062 0.731250 0.739062 0.718750 0.737500 0.718750 0.735938 0.716667 0.734375 0.716667 0.734375 0.720833 0.732812 0.722917 0.732812 0.725000 0.731250 0.727083 0.729688 0.725000 0.729688 0.722917 0.728125 0.720833 0.728125 0.718750 0.729688 0.716667 0.729688 0.708333 0.726562 0.704167 0.726562 0.691667 0.725000 0.689583 0.725000 0.685417 0.721875 0.681250 0.725000 0.677083 0.725000 0.672917 0.728125 0.668750 0.729688 0.668750 0.728125 0.666667 0.728125 0.664583 0.729688 0.662500 0.729688 0.658333 0.728125 0.656250 0.728125 0.650000 0.726562 0.647917 0.726562 0.645833 0.725000 0.643750 0.725000 0.637500 0.723437 0.635417 0.723437 0.631250 0.720313 0.627083 0.720313 0.625000 0.721875 0.622917 0.723437 0.622917 0.723437 0.620833 0.720313 0.616667 0.720313 0.614583 0.717187 0.610417 0.717187 0.608333 0.718750 0.606250 0.720313 0.606250 0.718750 0.606250 0.717187 0.604167 0.715625 0.604167 0.714063 0.602083 0.717187 0.597917 0.715625 0.595833 0.715625 0.593750 0.717187 0.591667 0.717187 0.585417 0.718750 0.583333 0.717187 0.581250 0.717187 0.575000 0.715625 0.572917 0.715625 0.570833 0.718750 0.566667 0.717187 0.566667 0.715625 0.564583 0.715625 0.562500 0.717187 0.560417 0.718750 0.560417 0.718750 0.558333 0.715625 0.554167 0.715625 0.550000 0.714063 0.547917 0.714063 0.541667 0.715625 0.539583 0.715625 0.533333 0.717187 0.531250 0.717187 0.527083 0.718750 0.525000 0.718750 0.522917 0.720313 0.520833 0.720313 0.518750 0.721875 0.516667 0.721875 0.514583 0.720313 0.512500 0.723437 0.508333 0.723437 0.502083 0.728125 0.495833 0.728125 0.493750 0.731250 0.489583 0.731250 0.487500 0.732812 0.485417 0.732812 0.481250 0.734375 0.479167 0.734375 0.477083 0.735938 0.475000 0.735938 0.472917 0.737500 0.470833 0.737500 0.468750 0.739062 0.466667 0.739062 0.462500 0.740625 0.460417 0.740625 0.454167 0.743750 0.450000 0.743750 0.445833 0.745313 0.443750 0.745313 0.435417 0.746875 0.433333 0.746875 0.429167 0.748437 0.427083 0.748437 0.422917 0.750000 0.420833 0.750000 0.414583 0.751563 0.412500 0.751563 0.397917 0.753125 0.395833 0.753125 0.381250 0.754687 0.379167 0.754687 0.366667 0.756250 0.364583 0.756250 0.352083 0.757812 0.350000 0.757812 0.343750 0.759375 0.341667 0.760938 0.341667 0.760938 0.339583 0.762500 0.337500 0.762500 0.335417 0.765625 0.331250 0.765625 0.329167 0.768750 0.325000 0.768750 0.322917 0.770312 0.320833 0.770312 0.318750 0.771875 0.316667 0.771875 0.312500 0.775000 0.308333 0.775000 0.297917 0.776563 0.295833 0.776563 0.281250 0.778125 0.279167 0.778125 0.277083 0.776563 0.275000 0.776563 0.270833 0.778125 0.268750 0.778125 0.262500 0.779687 0.260417 0.779687 0.258333 0.782813 0.254167 0.781250 0.252083 0.781250 0.250000 0.782813 0.247917 0.782813 0.245833 0.781250 0.243750 0.781250 0.237500 0.779687 0.235417 0.779687 0.233333 0.781250 0.231250 0.779687 0.229167 0.779687 0.225000 0.773438 0.216667 0.771875 0.216667 0.768750 0.212500 0.764062 0.212500 0.762500 0.210417 0.760938 0.210417 0.759375 0.208333 0.756250 0.208333 0.754687 0.206250 0.753125 0.206250 0.751563 0.204167 0.746875 0.204167 0.745313 0.202083 0.743750 0.202083 0.742188 0.200000 0.732812 0.200000 0.731250 0.202083 0.729688 0.200000 0.726562 0.200000 0.723437 0.204167 0.721875 0.202083 0.718750 0.202083 0.718750 0.204167 0.715625 0.208333 0.714063 0.206250 0.701562 0.206250 0.700000 0.204167 0.703125 0.200000 0.698438 0.200000 0.696875 0.197917 0.689063 0.197917 0.687500 0.195833 0.685937 0.195833 0.684375 0.193750 0.678125 0.193750 0.676562 0.195833 0.675000 0.193750 0.670312 0.193750 0.668750 0.195833 0.665625 0.191667 0.664062 0.191667 0.662500 0.193750 0.657813 0.193750 0.653125 0.187500 0.648438 0.187500 0.645312 0.191667 0.634375 0.191667 0.629687 0.185417 0.629687 0.183333 0.626563 0.179167 0.623437 0.179167 0.621875 0.181250 0.620313 0.179167 0.612500 0.179167 0.610938 0.181250 0.603125 0.181250 0.603125 0.183333 0.600000 0.187500 0.598437 0.187500 0.596875 0.189583 0.595313 0.189583 0.592187 0.193750 0.590625 0.193750 0.589063 0.195833 0.584375 0.195833 0.582812 0.193750 0.578125 0.193750 0.576562 0.195833 0.570312 0.195833 0.568750 0.197917 0.564063 0.197917 0.562500 0.200000 0.557813 0.200000 0.556250 0.202083 0.553125 0.202083 0.551562 0.204167 0.539062 0.204167 0.537500 0.206250 0.529687 0.206250 0.528125 0.204167 0.526563 0.206250 0.521875 0.206250 0.520312 0.208333 0.514062 0.208333 0.512500 0.210417 0.510938 0.208333 0.509375 0.208333 0.507812 0.210417 0.503125 0.210417 0.501563 0.212500 0.500000 0.212500 0.498437 0.214583 0.495312 0.214583 0.493750 0.216667 0.490625 0.216667 0.489063 0.218750 0.485938 0.218750 0.484375 0.216667 0.482812 0.216667 0.481250 0.214583 0.478125 0.214583 0.476562 0.212500 0.475000 0.212500 0.473438 0.210417 0.468750 0.210417 0.467187 0.208333 0.465625 0.208333 0.460938 0.202083 0.451562 0.202083 0.450000 0.204167 0.446875 0.204167 0.445312 0.202083 0.445312 0.197917 0.442188 0.197917 0.439063 0.202083 0.437500 0.202083 0.435937 0.200000 0.434375 0.200000 0.431250 0.195833 0.429688 0.195833 0.426563 0.191667 0.420312 0.191667 0.420312 0.200000 0.418750 0.202083 0.406250 0.202083 0.404687 0.200000 0.406250 0.197917 0.406250 0.191667 0.409375 0.187500 0.410938 0.187500 0.414062 0.191667 0.414062 0.195833 0.415625 0.197917 0.417187 0.195833 0.417187 0.191667 0.415625 0.189583 0.418750 0.185417 0.420312 0.185417 0.418750 0.185417 0.417187 0.183333 0.400000 0.183333 0.398438 0.181250 0.382812 0.181250 0.381250 0.179167 0.376563 0.179167 0.375000 0.177083 0.375000 0.172917 0.371875 0.168750 0.370312 0.168750 0.365625 0.162500 0.360938 0.162500 0.359375 0.160417 0.357812 0.160417 0.356250 0.158333 0.354687 0.158333 0.350000 0.152083 0.345313 0.152083 0.340625 0.145833 0.331250 0.145833 0.329688 0.143750 0.321875 0.143750 0.320312 0.141667 0.318750 0.143750 0.317188 0.143750 0.315625 0.141667 0.312500 0.141667 0.310937 0.143750 0.309375 0.143750 0.307812 0.141667 
