person_58 0.853125 0.968750 0.853125 0.970833 0.854688 0.972917 0.854688 0.975000 0.853125 0.977083 0.854688 0.975000 0.857812 0.975000 0.857812 0.970833 0.856250 0.968750 
person_58 0.712500 0.968750 0.715625 0.972917 0.718750 0.968750 
person_58 0.914062 0.945833 0.915625 0.947917 0.917188 0.947917 0.918750 0.950000 0.915625 0.945833 
person_58 0.898438 0.931250 0.900000 0.933333 0.898438 0.935417 0.895312 0.935417 0.896875 0.937500 0.895312 0.939583 0.895312 0.941667 0.892188 0.945833 0.889062 0.941667 0.889062 0.937500 0.887500 0.935417 0.885938 0.937500 0.882812 0.937500 0.882812 0.939583 0.884375 0.941667 0.884375 0.947917 0.885938 0.947917 0.887500 0.950000 0.893750 0.950000 0.895312 0.952083 0.896875 0.952083 0.898438 0.954167 0.898438 0.956250 0.900000 0.958333 0.898438 0.960417 0.898438 0.962500 0.900000 0.962500 0.903125 0.966667 0.901563 0.968750 0.898438 0.968750 0.896875 0.970833 0.895312 0.970833 0.895312 0.972917 0.896875 0.975000 0.896875 0.979167 0.893750 0.983333 0.892188 0.983333 0.890625 0.981250 0.890625 0.979167 0.892188 0.977083 0.890625 0.975000 0.890625 0.968750 0.889062 0.966667 0.889062 0.964583 0.887500 0.962500 0.887500 0.956250 0.887500 0.958333 0.885938 0.960417 0.882812 0.960417 0.882812 0.964583 0.881250 0.966667 0.879687 0.966667 0.878125 0.968750 0.875000 0.968750 0.873437 0.970833 0.873437 0.977083 0.871875 0.979167 0.870313 0.977083 0.867188 0.977083 0.864062 0.981250 0.867188 0.985417 0.867188 0.987500 0.868750 0.987500 0.870313 0.989583 0.871875 0.989583 0.878125 0.997917 0.882812 0.997917 0.884375 0.995833 0.885938 0.997917 0.887500 0.997917 0.887500 0.995833 0.889062 0.993750 0.901563 0.993750 0.903125 0.995833 0.903125 0.997917 0.912500 0.997917 0.915625 0.993750 0.918750 0.997917 0.998437 0.997917 0.998437 0.939583 0.996875 0.939583 0.995313 0.937500 0.959375 0.937500 0.957812 0.939583 0.956250 0.937500 0.953125 0.937500 0.951562 0.939583 0.950000 0.939583 0.948438 0.937500 0.946875 0.937500 0.946875 0.939583 0.948438 0.941667 0.946875 0.943750 0.943750 0.943750 0.942187 0.945833 0.937500 0.945833 0.937500 0.947917 0.935937 0.950000 0.932813 0.950000 0.931250 0.947917 0.931250 0.945833 0.931250 0.947917 0.932813 0.950000 0.934375 0.950000 0.935937 0.952083 0.935937 0.954167 0.939063 0.958333 0.943750 0.958333 0.945312 0.956250 0.948438 0.956250 0.950000 0.954167 0.953125 0.954167 0.954688 0.956250 0.956250 0.954167 0.957812 0.954167 0.953125 0.954167 0.951562 0.952083 0.951562 0.947917 0.953125 0.945833 0.956250 0.945833 0.957812 0.943750 0.959375 0.943750 0.960938 0.945833 0.962500 0.945833 0.964063 0.943750 0.965625 0.943750 0.967187 0.941667 0.975000 0.941667 0.976562 0.943750 0.976562 0.945833 0.971875 0.952083 0.968750 0.952083 0.967187 0.954167 0.967187 0.956250 0.964063 0.960417 0.959375 0.960417 0.957812 0.962500 0.956250 0.960417 0.954688 0.960417 0.954688 0.962500 0.953125 0.964583 0.946875 0.964583 0.945312 0.966667 0.943750 0.966667 0.942187 0.968750 0.921875 0.968750 0.920312 0.966667 0.910937 0.966667 0.909375 0.968750 0.906250 0.968750 0.903125 0.964583 0.904687 0.962500 0.904687 0.950000 0.906250 0.947917 0.906250 0.945833 0.903125 0.941667 0.903125 0.937500 0.904687 0.935417 0.904687 0.933333 0.903125 0.933333 0.901563 0.931250 
person_58 0.992188 0.920833 0.992188 0.927083 0.998437 0.927083 0.998437 0.925000 0.996875 0.925000 0.995313 0.922917 0.995313 0.920833 
person_58 0.871875 0.916667 0.870313 0.918750 0.873437 0.918750 
person_58 0.882812 0.914583 0.882812 0.916667 0.881250 0.918750 0.879687 0.918750 0.881250 0.918750 0.882812 0.916667 0.884375 0.916667 0.885938 0.918750 0.887500 0.918750 0.885938 0.916667 0.885938 0.914583 
person_58 0.996875 0.870833 0.996875 0.872917 0.998437 0.872917 0.998437 0.870833 
person_58 0.882812 0.868750 0.881250 0.870833 0.879687 0.870833 0.879687 0.872917 0.882812 0.868750 0.884375 0.868750 
person_58 0.998437 0.862500 0.996875 0.864583 0.998437 0.864583 
person_58 0.950000 0.862500 0.946875 0.866667 0.945312 0.866667 0.943750 0.864583 0.942187 0.864583 0.943750 0.864583 0.945312 0.866667 0.945312 0.868750 0.943750 0.870833 0.940625 0.870833 0.939063 0.868750 0.937500 0.868750 0.939063 0.868750 0.940625 0.870833 0.945312 0.870833 0.946875 0.872917 0.951562 0.872917 0.951562 0.870833 0.950000 0.868750 0.950000 0.866667 0.951562 0.864583 
person_58 0.962500 0.852083 0.962500 0.854167 0.965625 0.858333 0.967187 0.856250 0.965625 0.856250 
person_58 0.945312 0.852083 0.945312 0.854167 0.943750 0.856250 0.940625 0.856250 0.942187 0.856250 0.945312 0.860417 0.946875 0.860417 0.945312 0.860417 0.943750 0.858333 0.943750 0.856250 0.945312 0.854167 0.946875 0.854167 0.946875 0.852083 
person_58 0.965625 0.847917 0.965625 0.850000 0.967187 0.847917 
person_58 0.976562 0.843750 0.976562 0.845833 0.978125 0.845833 0.979688 0.847917 0.976562 0.852083 0.976562 0.854167 0.975000 0.856250 0.973437 0.856250 0.976562 0.856250 0.978125 0.854167 0.979688 0.856250 0.982812 0.856250 0.981250 0.856250 0.979688 0.854167 0.979688 0.852083 0.981250 0.850000 0.982812 0.850000 0.982812 0.845833 0.981250 0.845833 0.979688 0.843750 
person_58 0.989062 0.841667 0.990625 0.841667 0.992188 0.843750 0.992188 0.845833 0.990625 0.847917 0.989062 0.847917 0.992188 0.847917 0.993750 0.845833 0.995313 0.847917 0.998437 0.847917 0.996875 0.847917 0.993750 0.843750 0.992188 0.843750 0.990625 0.841667 
person_58 0.910937 0.839583 0.910937 0.841667 0.912500 0.841667 0.912500 0.839583 
person_58 0.967187 0.822917 0.965625 0.825000 0.964063 0.825000 0.967187 0.825000 0.968750 0.827083 0.973437 0.827083 0.975000 0.825000 0.971875 0.825000 0.970313 0.822917 
person_58 0.989062 0.800000 0.987500 0.802083 0.990625 0.802083 
person_58 0.992188 0.758333 0.992188 0.760417 0.993750 0.760417 0.993750 0.758333 
person_58 0.984375 0.737500 0.982812 0.739583 0.982812 0.741667 0.984375 0.743750 0.982812 0.745833 0.985938 0.750000 0.987500 0.747917 0.992188 0.747917 0.992188 0.745833 0.990625 0.745833 0.987500 0.741667 0.987500 0.739583 0.985938 0.737500 
person_58 0.973437 0.737500 0.973437 0.739583 0.975000 0.739583 0.976562 0.741667 0.976562 0.743750 0.978125 0.743750 0.978125 0.741667 0.976562 0.741667 
person_58 0.976562 0.729167 0.975000 0.731250 0.976562 0.733333 0.978125 0.733333 0.979688 0.731250 0.978125 0.729167 
person_58 0.970313 0.718750 0.970313 0.720833 0.968750 0.722917 0.968750 0.727083 0.970313 0.729167 0.973437 0.725000 0.973437 0.722917 
person_58 0.257812 0.672917 0.260937 0.672917 0.262500 0.675000 0.264062 0.672917 0.268750 0.672917 
person_58 0.276562 0.670833 0.275000 0.672917 0.271875 0.672917 0.273438 0.672917 0.275000 0.675000 0.276562 0.675000 0.278125 0.677083 0.281250 0.672917 0.282813 0.672917 0.281250 0.672917 0.279687 0.670833 
person_58 0.320312 0.639583 0.320312 0.641667 0.321875 0.641667 0.321875 0.639583 
person_58 0.996875 0.533333 0.995313 0.535417 0.995313 0.537500 0.993750 0.539583 0.993750 0.541667 0.993750 0.539583 0.995313 0.537500 0.998437 0.537500 0.998437 0.533333 
person_58 0.993750 0.516667 0.993750 0.518750 0.995313 0.520833 0.993750 0.522917 0.992188 0.522917 0.990625 0.520833 0.989062 0.520833 0.990625 0.520833 0.992188 0.522917 0.992188 0.525000 0.993750 0.525000 0.993750 0.522917 0.995313 0.520833 0.998437 0.520833 0.998437 0.518750 0.995313 0.518750 
person_58 0.993750 0.502083 0.992188 0.504167 0.989062 0.504167 0.993750 0.510417 0.993750 0.508333 0.995313 0.506250 0.998437 0.506250 0.998437 0.504167 0.995313 0.504167 
person_58 0.989062 0.495833 0.989062 0.497917 0.990625 0.497917 0.990625 0.495833 
person_58 0.998437 0.487500 0.996875 0.489583 0.995313 0.489583 0.993750 0.491667 0.995313 0.489583 0.998437 0.489583 
person_58 0.295312 0.147917 0.293750 0.150000 0.290625 0.150000 0.289062 0.152083 0.287500 0.152083 0.282813 0.158333 0.275000 0.158333 0.268750 0.166667 0.262500 0.166667 0.262500 0.168750 0.253125 0.181250 0.246875 0.181250 0.245312 0.179167 0.242188 0.179167 0.240625 0.177083 0.240625 0.175000 0.239063 0.172917 0.239063 0.168750 0.235937 0.168750 0.234375 0.166667 0.234375 0.162500 0.232813 0.160417 0.232813 0.154167 0.231250 0.152083 0.231250 0.150000 0.231250 0.152083 0.228125 0.156250 0.228125 0.158333 0.229687 0.160417 0.229687 0.162500 0.228125 0.164583 0.229687 0.166667 0.229687 0.168750 0.231250 0.170833 0.231250 0.177083 0.232813 0.179167 0.232813 0.189583 0.231250 0.191667 0.231250 0.193750 0.232813 0.195833 0.231250 0.197917 0.231250 0.200000 0.234375 0.204167 0.232813 0.206250 0.231250 0.206250 0.228125 0.210417 0.225000 0.210417 0.221875 0.214583 0.221875 0.216667 0.225000 0.220833 0.223438 0.222917 0.221875 0.222917 0.220312 0.225000 0.217188 0.220833 0.217188 0.218750 0.218750 0.216667 0.218750 0.214583 0.215625 0.214583 0.215625 0.216667 0.217188 0.218750 0.214062 0.222917 0.214062 0.225000 0.212500 0.227083 0.212500 0.229167 0.214062 0.231250 0.212500 0.233333 0.209375 0.233333 0.207813 0.231250 0.200000 0.231250 0.198437 0.233333 0.196875 0.233333 0.195312 0.235417 0.193750 0.235417 0.192188 0.237500 0.192188 0.241667 0.189062 0.245833 0.184375 0.245833 0.184375 0.277083 0.187500 0.281250 0.187500 0.283333 0.189062 0.285417 0.189062 0.287500 0.187500 0.289583 0.185938 0.289583 0.184375 0.291667 0.184375 0.295833 0.185938 0.295833 0.190625 0.302083 0.185938 0.308333 0.184375 0.308333 0.182812 0.306250 0.179688 0.306250 0.181250 0.306250 0.182812 0.308333 0.182812 0.310417 0.181250 0.312500 0.179688 0.312500 0.178125 0.310417 0.173437 0.310417 0.173437 0.316667 0.175000 0.318750 0.176563 0.318750 0.178125 0.320833 0.178125 0.322917 0.176563 0.325000 0.178125 0.327083 0.178125 0.331250 0.175000 0.335417 0.175000 0.339583 0.171875 0.343750 0.171875 0.350000 0.173437 0.352083 0.173437 0.358333 0.175000 0.360417 0.175000 0.372917 0.173437 0.375000 0.173437 0.385417 0.175000 0.387500 0.173437 0.389583 0.173437 0.393750 0.176563 0.393750 0.178125 0.395833 0.179688 0.395833 0.181250 0.397917 0.181250 0.404167 0.179688 0.406250 0.179688 0.412500 0.178125 0.414583 0.178125 0.431250 0.176563 0.433333 0.178125 0.435417 0.178125 0.450000 0.179688 0.452083 0.179688 0.458333 0.181250 0.460417 0.179688 0.462500 0.179688 0.483333 0.178125 0.485417 0.178125 0.502083 0.181250 0.506250 0.181250 0.508333 0.182812 0.510417 0.182812 0.516667 0.185938 0.520833 0.185938 0.525000 0.187500 0.527083 0.187500 0.531250 0.189062 0.533333 0.189062 0.539583 0.190625 0.541667 0.190625 0.545833 0.192188 0.547917 0.192188 0.550000 0.193750 0.552083 0.193750 0.554167 0.195312 0.556250 0.195312 0.560417 0.196875 0.562500 0.196875 0.566667 0.198437 0.568750 0.198437 0.572917 0.200000 0.575000 0.198437 0.577083 0.198437 0.579167 0.200000 0.581250 0.200000 0.585417 0.201563 0.587500 0.201563 0.593750 0.204687 0.597917 0.204687 0.604167 0.206250 0.606250 0.206250 0.612500 0.207813 0.614583 0.207813 0.618750 0.209375 0.620833 0.209375 0.622917 0.210938 0.625000 0.210938 0.631250 0.212500 0.633333 0.212500 0.635417 0.214062 0.637500 0.214062 0.641667 0.215625 0.643750 0.215625 0.645833 0.217188 0.647917 0.218750 0.647917 0.221875 0.652083 0.226562 0.652083 0.228125 0.654167 0.245312 0.654167 0.246875 0.656250 0.248438 0.656250 0.250000 0.654167 0.254688 0.654167 0.256250 0.656250 0.257812 0.656250 0.262500 0.662500 0.267188 0.656250 0.270313 0.656250 0.271875 0.658333 0.271875 0.660417 0.273438 0.660417 0.275000 0.662500 0.275000 0.664583 0.276562 0.664583 0.278125 0.662500 0.279687 0.662500 0.282813 0.658333 0.284375 0.660417 0.295312 0.660417 0.295312 0.658333 0.296875 0.656250 0.298438 0.656250 0.301563 0.652083 0.303125 0.652083 0.304688 0.654167 0.309375 0.647917 0.312500 0.647917 0.310937 0.645833 0.317188 0.637500 0.315625 0.635417 0.315625 0.633333 0.317188 0.631250 0.318750 0.631250 0.320312 0.633333 0.320312 0.635417 0.323437 0.635417 0.323437 0.633333 0.328125 0.627083 0.329688 0.627083 0.331250 0.625000 0.331250 0.622917 0.332813 0.620833 0.335938 0.625000 0.335938 0.627083 0.337500 0.627083 0.339062 0.625000 0.339062 0.620833 0.345313 0.612500 0.346875 0.612500 0.350000 0.616667 0.350000 0.618750 0.345313 0.625000 0.342187 0.625000 0.342187 0.627083 0.343750 0.629167 0.343750 0.631250 0.342187 0.633333 0.342187 0.637500 0.340625 0.639583 0.335938 0.639583 0.334375 0.641667 0.332813 0.641667 0.332813 0.643750 0.328125 0.650000 0.328125 0.654167 0.325000 0.658333 0.325000 0.660417 0.323437 0.662500 0.320312 0.662500 0.314063 0.670833 0.312500 0.670833 0.312500 0.677083 0.309375 0.681250 0.309375 0.683333 0.307812 0.685417 0.306250 0.685417 0.303125 0.689583 0.301563 0.689583 0.301563 0.693750 0.300000 0.695833 0.296875 0.695833 0.296875 0.700000 0.293750 0.704167 0.293750 0.706250 0.290625 0.710417 0.289062 0.710417 0.285938 0.714583 0.285938 0.718750 0.284375 0.720833 0.282813 0.720833 0.284375 0.720833 0.285938 0.722917 0.284375 0.725000 0.282813 0.725000 0.281250 0.727083 0.278125 0.727083 0.275000 0.731250 0.275000 0.733333 0.273438 0.735417 0.273438 0.737500 0.265625 0.747917 0.262500 0.747917 0.262500 0.752083 0.260937 0.754167 0.260937 0.756250 0.254688 0.764583 0.256250 0.766667 0.254688 0.768750 0.254688 0.772917 0.251563 0.777083 0.250000 0.775000 0.246875 0.775000 0.246875 0.777083 0.245312 0.779167 0.245312 0.783333 0.242188 0.787500 0.242188 0.789583 0.240625 0.791667 0.240625 0.795833 0.242188 0.797917 0.240625 0.800000 0.240625 0.802083 0.239063 0.804167 0.239063 0.808333 0.234375 0.814583 0.232813 0.814583 0.231250 0.816667 0.231250 0.827083 0.229687 0.829167 0.229687 0.841667 0.228125 0.843750 0.228125 0.866667 0.226562 0.868750 0.228125 0.870833 0.226562 0.872917 0.226562 0.875000 0.225000 0.877083 0.225000 0.885417 0.223438 0.887500 0.223438 0.900000 0.221875 0.902083 0.221875 0.912500 0.220312 0.914583 0.220312 0.916667 0.221875 0.918750 0.220312 0.920833 0.220312 0.927083 0.218750 0.929167 0.217188 0.929167 0.215625 0.931250 0.215625 0.947917 0.214062 0.950000 0.214062 0.952083 0.215625 0.954167 0.214062 0.956250 0.214062 0.960417 0.212500 0.962500 0.212500 0.968750 0.210938 0.970833 0.210938 0.979167 0.209375 0.981250 0.210938 0.983333 0.210938 0.987500 0.209375 0.989583 0.209375 0.993750 0.212500 0.997917 0.234375 0.997917 0.235937 0.995833 0.237500 0.997917 0.623437 0.997917 0.626563 0.993750 0.628125 0.993750 0.629687 0.995833 0.629687 0.997917 0.631250 0.995833 0.631250 0.993750 0.634375 0.989583 0.635938 0.991667 0.637500 0.991667 0.640625 0.987500 0.642188 0.987500 0.645312 0.991667 0.646875 0.991667 0.646875 0.989583 0.648438 0.987500 0.650000 0.987500 0.651563 0.989583 0.653125 0.989583 0.656250 0.985417 0.659375 0.985417 0.660937 0.987500 0.660937 0.989583 0.662500 0.989583 0.664062 0.987500 0.667188 0.987500 0.668750 0.985417 0.673438 0.991667 0.675000 0.989583 0.676562 0.989583 0.679688 0.985417 0.678125 0.983333 0.678125 0.981250 0.679688 0.979167 0.681250 0.979167 0.681250 0.977083 0.684375 0.972917 0.689063 0.972917 0.690625 0.970833 0.690625 0.966667 0.696875 0.958333 0.703125 0.958333 0.704688 0.960417 0.709375 0.960417 0.710938 0.962500 0.712500 0.962500 0.714063 0.960417 0.725000 0.960417 0.728125 0.956250 0.735938 0.956250 0.737500 0.954167 0.739062 0.954167 0.739062 0.952083 0.732812 0.952083 0.731250 0.950000 0.732812 0.947917 0.739062 0.947917 0.742188 0.943750 0.742188 0.941667 0.743750 0.939583 0.745313 0.939583 0.745313 0.937500 0.743750 0.937500 0.739062 0.931250 0.740625 0.929167 0.742188 0.929167 0.742188 0.927083 0.743750 0.925000 0.745313 0.927083 0.746875 0.927083 0.751563 0.933333 0.750000 0.935417 0.748437 0.935417 0.748437 0.943750 0.750000 0.943750 0.751563 0.945833 0.753125 0.943750 0.756250 0.943750 0.759375 0.939583 0.760938 0.939583 0.760938 0.937500 0.757812 0.937500 0.754687 0.933333 0.756250 0.931250 0.757812 0.931250 0.760938 0.927083 0.770312 0.927083 0.771875 0.925000 0.771875 0.922917 0.773438 0.920833 0.773438 0.918750 0.775000 0.916667 0.775000 0.914583 0.778125 0.910417 0.779687 0.910417 0.781250 0.912500 0.782813 0.912500 0.784375 0.910417 0.785937 0.910417 0.784375 0.908333 0.784375 0.906250 0.775000 0.906250 0.771875 0.902083 0.768750 0.902083 0.767188 0.900000 0.768750 0.897917 0.770312 0.897917 0.771875 0.895833 0.771875 0.893750 0.773438 0.891667 0.775000 0.891667 0.775000 0.889583 0.776563 0.887500 0.778125 0.887500 0.776563 0.887500 0.775000 0.885417 0.775000 0.883333 0.776563 0.881250 0.779687 0.881250 0.781250 0.883333 0.784375 0.883333 0.785937 0.881250 0.787500 0.883333 0.787500 0.887500 0.785937 0.889583 0.782813 0.889583 0.781250 0.891667 0.781250 0.893750 0.782813 0.893750 0.784375 0.895833 0.787500 0.895833 0.789062 0.897917 0.790625 0.897917 0.790625 0.893750 0.792188 0.891667 0.792188 0.883333 0.795312 0.879167 0.795312 0.872917 0.796875 0.870833 0.798438 0.870833 0.798438 0.868750 0.804688 0.860417 0.804688 0.854167 0.807813 0.850000 0.812500 0.850000 0.814063 0.852083 0.815625 0.850000 0.818750 0.850000 0.820312 0.847917 0.834375 0.847917 0.837500 0.843750 0.842187 0.843750 0.843750 0.845833 0.851562 0.845833 0.853125 0.843750 0.854688 0.843750 0.856250 0.841667 0.860938 0.841667 0.862500 0.839583 0.864062 0.839583 0.865625 0.837500 0.867188 0.837500 0.868750 0.835417 0.870313 0.835417 0.871875 0.833333 0.873437 0.833333 0.875000 0.835417 0.875000 0.837500 0.873437 0.839583 0.875000 0.839583 0.876563 0.841667 0.876563 0.843750 0.878125 0.843750 0.879687 0.841667 0.882812 0.845833 0.884375 0.845833 0.885938 0.847917 0.884375 0.850000 0.882812 0.850000 0.882812 0.852083 0.879687 0.856250 0.879687 0.858333 0.887500 0.858333 0.889062 0.856250 0.889062 0.854167 0.887500 0.852083 0.889062 0.850000 0.889062 0.847917 0.887500 0.847917 0.885938 0.845833 0.887500 0.843750 0.889062 0.843750 0.890625 0.841667 0.904687 0.841667 0.904687 0.831250 0.906250 0.829167 0.904687 0.827083 0.904687 0.820833 0.906250 0.818750 0.912500 0.818750 0.914062 0.820833 0.914062 0.822917 0.912500 0.825000 0.910937 0.825000 0.912500 0.827083 0.918750 0.827083 0.920312 0.825000 0.920312 0.822917 0.918750 0.822917 0.917188 0.820833 0.918750 0.818750 0.918750 0.816667 0.917188 0.814583 0.918750 0.812500 0.931250 0.812500 0.932813 0.810417 0.954688 0.810417 0.956250 0.812500 0.960938 0.812500 0.965625 0.818750 0.967187 0.818750 0.967187 0.814583 0.970313 0.810417 0.975000 0.810417 0.976562 0.812500 0.978125 0.812500 0.981250 0.816667 0.982812 0.816667 0.984375 0.814583 0.985938 0.814583 0.987500 0.816667 0.987500 0.818750 0.990625 0.818750 0.992188 0.820833 0.992188 0.822917 0.990625 0.825000 0.987500 0.825000 0.989062 0.825000 0.992188 0.829167 0.993750 0.829167 0.995313 0.831250 0.995313 0.833333 0.996875 0.835417 0.998437 0.835417 0.998437 0.822917 0.996875 0.822917 0.995313 0.820833 0.996875 0.818750 0.998437 0.818750 0.998437 0.808333 0.995313 0.808333 0.993750 0.806250 0.992188 0.808333 0.987500 0.808333 0.987500 0.810417 0.985938 0.812500 0.984375 0.810417 0.984375 0.808333 0.981250 0.808333 0.979688 0.806250 0.981250 0.804167 0.982812 0.804167 0.984375 0.802083 0.982812 0.800000 0.979688 0.800000 0.978125 0.802083 0.976562 0.802083 0.975000 0.800000 0.973437 0.800000 0.971875 0.802083 0.970313 0.802083 0.967187 0.797917 0.970313 0.793750 0.976562 0.793750 0.978125 0.795833 0.979688 0.793750 0.978125 0.791667 0.978125 0.789583 0.979688 0.787500 0.984375 0.787500 0.985938 0.789583 0.987500 0.787500 0.989062 0.787500 0.992188 0.783333 0.998437 0.783333 0.998437 0.781250 0.975000 0.781250 0.970313 0.775000 0.970313 0.772917 0.968750 0.772917 0.967187 0.770833 0.970313 0.766667 0.978125 0.766667 0.975000 0.766667 0.973437 0.764583 0.973437 0.762500 0.973437 0.764583 0.971875 0.766667 0.968750 0.766667 0.967187 0.764583 0.960938 0.764583 0.959375 0.762500 0.959375 0.760417 0.960938 0.758333 0.967187 0.758333 0.965625 0.756250 0.965625 0.754167 0.965625 0.756250 0.964063 0.758333 0.960938 0.758333 0.959375 0.756250 0.959375 0.752083 0.960938 0.750000 0.962500 0.750000 0.964063 0.747917 0.967187 0.747917 0.967187 0.745833 0.968750 0.743750 0.970313 0.743750 0.968750 0.743750 0.967187 0.745833 0.965625 0.745833 0.964063 0.743750 0.960938 0.743750 0.959375 0.741667 0.959375 0.739583 0.956250 0.735417 0.960938 0.729167 0.962500 0.729167 0.962500 0.727083 0.960938 0.727083 0.959375 0.725000 0.959375 0.722917 0.956250 0.718750 0.957812 0.716667 0.967187 0.716667 0.959375 0.706250 0.957812 0.706250 0.956250 0.704167 0.957812 0.702083 0.957812 0.700000 0.953125 0.700000 0.953125 0.704167 0.950000 0.708333 0.953125 0.712500 0.954688 0.712500 0.957812 0.716667 0.956250 0.718750 0.953125 0.718750 0.953125 0.720833 0.951562 0.722917 0.950000 0.722917 0.950000 0.725000 0.948438 0.727083 0.946875 0.727083 0.943750 0.722917 0.946875 0.718750 0.945312 0.718750 0.943750 0.716667 0.946875 0.712500 0.946875 0.710417 0.945312 0.710417 0.943750 0.708333 0.943750 0.706250 0.945312 0.704167 0.946875 0.704167 0.945312 0.704167 0.943750 0.706250 0.942187 0.704167 0.942187 0.700000 0.940625 0.702083 0.937500 0.702083 0.935937 0.700000 0.935937 0.697917 0.937500 0.695833 0.939063 0.695833 0.937500 0.695833 0.935937 0.693750 0.935937 0.691667 0.937500 0.689583 0.937500 0.685417 0.935937 0.683333 0.934375 0.683333 0.931250 0.687500 0.929688 0.687500 0.928125 0.685417 0.926562 0.685417 0.925000 0.683333 0.925000 0.681250 0.926562 0.679167 0.928125 0.679167 0.928125 0.677083 0.929688 0.675000 0.931250 0.675000 0.932813 0.677083 0.937500 0.677083 0.939063 0.675000 0.940625 0.677083 0.943750 0.677083 0.945312 0.679167 0.946875 0.679167 0.948438 0.677083 0.950000 0.677083 0.953125 0.681250 0.953125 0.689583 0.954688 0.691667 0.956250 0.689583 0.956250 0.672917 0.954688 0.670833 0.954688 0.668750 0.956250 0.666667 0.956250 0.660417 0.954688 0.658333 0.954688 0.656250 0.953125 0.656250 0.953125 0.670833 0.950000 0.675000 0.946875 0.670833 0.945312 0.670833 0.943750 0.668750 0.945312 0.666667 0.946875 0.666667 0.946875 0.664583 0.942187 0.658333 0.940625 0.658333 0.939063 0.656250 0.937500 0.656250 0.935937 0.658333 0.932813 0.658333 0.931250 0.656250 0.928125 0.656250 0.926562 0.658333 0.923438 0.658333 0.921875 0.656250 0.920312 0.656250 0.918750 0.654167 0.917188 0.654167 0.915625 0.652083 0.915625 0.650000 0.914062 0.647917 0.914062 0.637500 0.910937 0.633333 0.910937 0.625000 0.909375 0.622917 0.909375 0.620833 0.907813 0.618750 0.907813 0.616667 0.906250 0.614583 0.906250 0.610417 0.907813 0.608333 0.909375 0.608333 0.910937 0.606250 0.907813 0.602083 0.904687 0.602083 0.898438 0.593750 0.898438 0.591667 0.896875 0.589583 0.896875 0.587500 0.889062 0.577083 0.887500 0.577083 0.879687 0.566667 0.878125 0.566667 0.871875 0.558333 0.871875 0.556250 0.870313 0.556250 0.868750 0.554167 0.867188 0.554167 0.862500 0.547917 0.860938 0.547917 0.859375 0.545833 0.856250 0.545833 0.854688 0.543750 0.854688 0.541667 0.850000 0.535417 0.848437 0.535417 0.845313 0.531250 0.845313 0.529167 0.843750 0.527083 0.843750 0.525000 0.831250 0.508333 0.831250 0.504167 0.829688 0.504167 0.828125 0.502083 0.828125 0.500000 0.826562 0.500000 0.825000 0.497917 0.823438 0.497917 0.821875 0.495833 0.821875 0.491667 0.817187 0.485417 0.818750 0.483333 0.818750 0.479167 0.817187 0.477083 0.817187 0.472917 0.815625 0.470833 0.815625 0.466667 0.812500 0.462500 0.812500 0.460417 0.809375 0.456250 0.809375 0.454167 0.807813 0.452083 0.807813 0.450000 0.806250 0.447917 0.806250 0.445833 0.801562 0.439583 0.801562 0.437500 0.793750 0.427083 0.792188 0.427083 0.790625 0.425000 0.790625 0.422917 0.787500 0.418750 0.787500 0.416667 0.785937 0.414583 0.784375 0.414583 0.781250 0.410417 0.781250 0.408333 0.771875 0.395833 0.770312 0.395833 0.768750 0.393750 0.768750 0.391667 0.767188 0.389583 0.767188 0.385417 0.765625 0.385417 0.764062 0.383333 0.760938 0.383333 0.759375 0.381250 0.757812 0.381250 0.756250 0.379167 0.754687 0.379167 0.751563 0.375000 0.753125 0.372917 0.754687 0.372917 0.753125 0.370833 0.746875 0.370833 0.745313 0.368750 0.743750 0.368750 0.742188 0.366667 0.740625 0.366667 0.739062 0.364583 0.735938 0.364583 0.731250 0.358333 0.729688 0.358333 0.728125 0.356250 0.718750 0.356250 0.717187 0.358333 0.717187 0.362500 0.715625 0.364583 0.714063 0.362500 0.712500 0.362500 0.710938 0.364583 0.704688 0.364583 0.703125 0.366667 0.695312 0.366667 0.693750 0.368750 0.690625 0.368750 0.689063 0.366667 0.685937 0.370833 0.678125 0.370833 0.676562 0.372917 0.665625 0.372917 0.664062 0.375000 0.654687 0.375000 0.653125 0.377083 0.648438 0.377083 0.646875 0.379167 0.640625 0.379167 0.637500 0.383333 0.635938 0.383333 0.634375 0.381250 0.631250 0.385417 0.628125 0.385417 0.626563 0.383333 0.617188 0.383333 0.615625 0.385417 0.614062 0.385417 0.612500 0.383333 0.610938 0.383333 0.609375 0.385417 0.609375 0.387500 0.606250 0.391667 0.604688 0.389583 0.603125 0.389583 0.601562 0.391667 0.600000 0.391667 0.598437 0.393750 0.596875 0.391667 0.589063 0.391667 0.587500 0.389583 0.585938 0.391667 0.584375 0.391667 0.582812 0.393750 0.581250 0.391667 0.578125 0.391667 0.576562 0.389583 0.570312 0.389583 0.567187 0.393750 0.564063 0.393750 0.562500 0.391667 0.557813 0.391667 0.556250 0.389583 0.553125 0.389583 0.551562 0.387500 0.556250 0.381250 0.556250 0.379167 0.557813 0.377083 0.557813 0.375000 0.556250 0.372917 0.556250 0.368750 0.553125 0.364583 0.553125 0.362500 0.550000 0.358333 0.550000 0.356250 0.548438 0.356250 0.546875 0.354167 0.545312 0.354167 0.543750 0.352083 0.543750 0.350000 0.529687 0.331250 0.528125 0.331250 0.526563 0.329167 0.526563 0.327083 0.523438 0.322917 0.521875 0.322917 0.520312 0.320833 0.520312 0.318750 0.510938 0.306250 0.510938 0.304167 0.506250 0.297917 0.506250 0.295833 0.496875 0.283333 0.496875 0.279167 0.492188 0.272917 0.492188 0.270833 0.489063 0.266667 0.490625 0.264583 0.490625 0.262500 0.489063 0.260417 0.489063 0.252083 0.487500 0.250000 0.489063 0.247917 0.489063 0.243750 0.487500 0.241667 0.487500 0.237500 0.485938 0.235417 0.485938 0.227083 0.484375 0.225000 0.482812 0.225000 0.481250 0.222917 0.479687 0.225000 0.476562 0.225000 0.473438 0.229167 0.473438 0.233333 0.471875 0.235417 0.471875 0.239583 0.470313 0.241667 0.470313 0.252083 0.471875 0.254167 0.470313 0.256250 0.470313 0.272917 0.467187 0.277083 0.462500 0.277083 0.459375 0.272917 0.459375 0.270833 0.457813 0.268750 0.456250 0.268750 0.454688 0.266667 0.454688 0.262500 0.453125 0.262500 0.451562 0.260417 0.450000 0.260417 0.448437 0.258333 0.448437 0.256250 0.443750 0.250000 0.443750 0.247917 0.437500 0.239583 0.435937 0.239583 0.428125 0.229167 0.426563 0.229167 0.425000 0.227083 0.423438 0.227083 0.420312 0.222917 0.418750 0.222917 0.406250 0.206250 0.401562 0.206250 0.400000 0.204167 0.400000 0.202083 0.401562 0.200000 0.400000 0.200000 0.395313 0.193750 0.395313 0.191667 0.385937 0.191667 0.384375 0.193750 0.382812 0.193750 0.381250 0.191667 0.378125 0.191667 0.376563 0.189583 0.371875 0.189583 0.368750 0.185417 0.364063 0.185417 0.362500 0.183333 0.357812 0.183333 0.356250 0.181250 0.353125 0.181250 0.351562 0.179167 0.350000 0.179167 0.348438 0.177083 0.346875 0.177083 0.345313 0.179167 0.342187 0.175000 0.335938 0.175000 0.334375 0.172917 0.334375 0.168750 0.329688 0.168750 0.328125 0.166667 0.325000 0.166667 0.323437 0.164583 0.320312 0.164583 0.317188 0.160417 0.314063 0.160417 0.307812 0.152083 0.306250 0.152083 0.304688 0.150000 0.303125 0.150000 0.301563 0.147917 
