furniture_87 0.192188 0.977083 0.190625 0.979167 0.187500 0.979167 0.187500 0.981250 0.196875 0.981250 0.193750 0.977083 
furniture_87 0.515625 0.856250 0.521875 0.856250 0.523438 0.858333 0.525000 0.858333 0.525000 0.856250 
furniture_87 0.507812 0.856250 0.507812 0.858333 0.509375 0.858333 0.509375 0.856250 
furniture_87 0.668750 0.835417 0.667188 0.837500 0.668750 0.837500 
furniture_87 0.651563 0.835417 0.651563 0.837500 0.653125 0.837500 0.653125 0.835417 
furniture_87 0.651563 0.797917 0.651563 0.806250 0.654687 0.806250 0.654687 0.802083 0.653125 0.800000 0.653125 0.797917 
furniture_87 0.634375 0.770833 0.635938 0.772917 0.635938 0.775000 0.634375 0.777083 0.632812 0.777083 0.634375 0.779167 0.637500 0.775000 0.639062 0.775000 0.637500 0.772917 0.637500 0.770833 
furniture_87 0.637500 0.758333 0.637500 0.760417 0.635938 0.762500 0.631250 0.762500 0.635938 0.762500 0.637500 0.760417 
furniture_87 0.634375 0.739583 0.635938 0.739583 0.637500 0.741667 0.634375 0.745833 0.632812 0.745833 0.631250 0.743750 0.629687 0.743750 0.629687 0.745833 0.631250 0.747917 0.635938 0.747917 0.637500 0.745833 0.637500 0.741667 0.635938 0.739583 
furniture_87 0.851562 0.683333 0.851562 0.685417 0.854688 0.685417 0.856250 0.683333 
furniture_87 0.759375 0.683333 0.757812 0.685417 0.759375 0.685417 
furniture_87 0.832812 0.681250 0.831250 0.683333 0.828125 0.683333 0.828125 0.685417 0.840625 0.685417 0.842187 0.683333 0.840625 0.681250 0.839063 0.683333 0.835938 0.683333 0.834375 0.681250 
furniture_87 0.692187 0.677083 0.692187 0.679167 0.689063 0.683333 0.687500 0.683333 0.687500 0.685417 0.707812 0.685417 0.710938 0.689583 0.709375 0.691667 0.707812 0.691667 0.706250 0.693750 0.706250 0.695833 0.704688 0.697917 0.703125 0.697917 0.701562 0.695833 0.701562 0.693750 0.700000 0.691667 0.693750 0.691667 0.692187 0.693750 0.692187 0.695833 0.689063 0.700000 0.687500 0.700000 0.684375 0.695833 0.684375 0.697917 0.682813 0.700000 0.679688 0.700000 0.675000 0.706250 0.664062 0.706250 0.662500 0.708333 0.656250 0.708333 0.657813 0.708333 0.659375 0.710417 0.659375 0.712500 0.657813 0.714583 0.660937 0.714583 0.662500 0.716667 0.667188 0.716667 0.668750 0.714583 0.670312 0.716667 0.675000 0.716667 0.676562 0.718750 0.676562 0.720833 0.675000 0.722917 0.671875 0.722917 0.670312 0.725000 0.667188 0.725000 0.665625 0.722917 0.664062 0.722917 0.662500 0.725000 0.660937 0.725000 0.660937 0.729167 0.659375 0.731250 0.656250 0.731250 0.660937 0.731250 0.664062 0.735417 0.660937 0.739583 0.660937 0.743750 0.659375 0.745833 0.656250 0.745833 0.654687 0.743750 0.654687 0.739583 0.653125 0.737500 0.650000 0.737500 0.648438 0.739583 0.650000 0.739583 0.651563 0.741667 0.651563 0.743750 0.650000 0.745833 0.648438 0.745833 0.648438 0.747917 0.650000 0.750000 0.650000 0.752083 0.648438 0.754167 0.651563 0.758333 0.651563 0.760417 0.650000 0.762500 0.646875 0.762500 0.650000 0.766667 0.645312 0.772917 0.645312 0.777083 0.646875 0.779167 0.650000 0.779167 0.653125 0.783333 0.653125 0.785417 0.651563 0.787500 0.651563 0.791667 0.650000 0.793750 0.651563 0.791667 0.654687 0.791667 0.656250 0.793750 0.662500 0.793750 0.664062 0.795833 0.675000 0.795833 0.676562 0.797917 0.673438 0.802083 0.670312 0.802083 0.668750 0.804167 0.662500 0.804167 0.660937 0.806250 0.662500 0.806250 0.665625 0.810417 0.668750 0.806250 0.670312 0.806250 0.673438 0.810417 0.675000 0.810417 0.676562 0.808333 0.678125 0.810417 0.678125 0.816667 0.676562 0.818750 0.675000 0.818750 0.675000 0.822917 0.673438 0.825000 0.671875 0.825000 0.670312 0.822917 0.670312 0.818750 0.668750 0.818750 0.667188 0.820833 0.662500 0.820833 0.664062 0.822917 0.664062 0.825000 0.665625 0.827083 0.665625 0.825000 0.667188 0.822917 0.670312 0.822917 0.671875 0.825000 0.676562 0.825000 0.678125 0.827083 0.678125 0.831250 0.676562 0.833333 0.675000 0.833333 0.675000 0.839583 0.678125 0.839583 0.681250 0.843750 0.681250 0.847917 0.679688 0.850000 0.676562 0.850000 0.676562 0.852083 0.673438 0.856250 0.671875 0.856250 0.675000 0.856250 0.676562 0.858333 0.676562 0.860417 0.673438 0.864583 0.671875 0.864583 0.670312 0.862500 0.670312 0.860417 0.667188 0.860417 0.665625 0.858333 0.665625 0.856250 0.665625 0.858333 0.668750 0.862500 0.668750 0.864583 0.665625 0.868750 0.665625 0.870833 0.662500 0.875000 0.659375 0.875000 0.657813 0.877083 0.656250 0.875000 0.653125 0.875000 0.651563 0.872917 0.650000 0.872917 0.648438 0.875000 0.646875 0.875000 0.645312 0.877083 0.643750 0.877083 0.642188 0.879167 0.640625 0.879167 0.637500 0.875000 0.634375 0.875000 0.632812 0.877083 0.631250 0.877083 0.629687 0.879167 0.625000 0.879167 0.623437 0.877083 0.623437 0.875000 0.615625 0.875000 0.614062 0.877083 0.612500 0.877083 0.610938 0.879167 0.609375 0.879167 0.607812 0.877083 0.600000 0.877083 0.598437 0.879167 0.589063 0.879167 0.587500 0.877083 0.584375 0.877083 0.582812 0.879167 0.579688 0.879167 0.578125 0.877083 0.576562 0.877083 0.575000 0.875000 0.567187 0.875000 0.565625 0.877083 0.562500 0.877083 0.560937 0.875000 0.560937 0.872917 0.559375 0.870833 0.559375 0.868750 0.557813 0.870833 0.554688 0.870833 0.551562 0.866667 0.551562 0.868750 0.550000 0.870833 0.545312 0.870833 0.543750 0.868750 0.542188 0.870833 0.539062 0.870833 0.535937 0.866667 0.535937 0.868750 0.534375 0.870833 0.531250 0.870833 0.529687 0.868750 0.529687 0.866667 0.531250 0.864583 0.526563 0.864583 0.525000 0.866667 0.521875 0.862500 0.520312 0.862500 0.518750 0.864583 0.514062 0.864583 0.512500 0.862500 0.504687 0.862500 0.503125 0.864583 0.501563 0.864583 0.498437 0.860417 0.498437 0.858333 0.500000 0.856250 0.503125 0.856250 0.498437 0.856250 0.496875 0.854167 0.496875 0.852083 0.495312 0.854167 0.492188 0.854167 0.490625 0.852083 0.490625 0.850000 0.489063 0.847917 0.487500 0.850000 0.489063 0.852083 0.487500 0.854167 0.484375 0.854167 0.482812 0.852083 0.482812 0.850000 0.479687 0.850000 0.479687 0.852083 0.478125 0.854167 0.476562 0.854167 0.475000 0.852083 0.476562 0.850000 0.476562 0.847917 0.467187 0.847917 0.465625 0.845833 0.465625 0.843750 0.467187 0.841667 0.478125 0.841667 0.478125 0.839583 0.476562 0.839583 0.473438 0.835417 0.475000 0.833333 0.471875 0.833333 0.473438 0.835417 0.473438 0.837500 0.471875 0.839583 0.468750 0.839583 0.467187 0.837500 0.467187 0.835417 0.468750 0.833333 0.467187 0.831250 0.462500 0.831250 0.460938 0.829167 0.464062 0.825000 0.460938 0.825000 0.459375 0.822917 0.459375 0.818750 0.457813 0.818750 0.457813 0.820833 0.454688 0.825000 0.450000 0.818750 0.448437 0.818750 0.450000 0.820833 0.448437 0.822917 0.446875 0.822917 0.445312 0.820833 0.445312 0.816667 0.426563 0.816667 0.426563 0.820833 0.423438 0.825000 0.421875 0.825000 0.420312 0.822917 0.420312 0.816667 0.418750 0.814583 0.417187 0.814583 0.415625 0.812500 0.417187 0.810417 0.434375 0.810417 0.435937 0.808333 0.437500 0.810417 0.439063 0.810417 0.437500 0.810417 0.434375 0.806250 0.432812 0.808333 0.429688 0.808333 0.428125 0.806250 0.428125 0.804167 0.426563 0.804167 0.426563 0.806250 0.425000 0.808333 0.420312 0.808333 0.418750 0.806250 0.418750 0.802083 0.418750 0.806250 0.417187 0.808333 0.412500 0.808333 0.412500 0.810417 0.414062 0.812500 0.410938 0.816667 0.409375 0.816667 0.409375 0.818750 0.410938 0.820833 0.410938 0.822917 0.409375 0.825000 0.406250 0.825000 0.404687 0.822917 0.404687 0.818750 0.403125 0.818750 0.403125 0.822917 0.404687 0.822917 0.406250 0.825000 0.407813 0.825000 0.410938 0.829167 0.407813 0.833333 0.403125 0.833333 0.403125 0.837500 0.404687 0.837500 0.406250 0.839583 0.406250 0.841667 0.404687 0.843750 0.401562 0.843750 0.400000 0.845833 0.400000 0.852083 0.396875 0.856250 0.396875 0.858333 0.398438 0.860417 0.395313 0.864583 0.395313 0.868750 0.392188 0.872917 0.390625 0.872917 0.389062 0.870833 0.389062 0.866667 0.387500 0.864583 0.385937 0.866667 0.385937 0.868750 0.384375 0.870833 0.382812 0.870833 0.381250 0.872917 0.373437 0.872917 0.371875 0.875000 0.370312 0.872917 0.367188 0.872917 0.365625 0.875000 0.354687 0.875000 0.353125 0.872917 0.351562 0.875000 0.342187 0.875000 0.340625 0.872917 0.334375 0.872917 0.332813 0.875000 0.331250 0.875000 0.329688 0.872917 0.328125 0.872917 0.326562 0.875000 0.325000 0.875000 0.323437 0.872917 0.318750 0.872917 0.317188 0.875000 0.315625 0.872917 0.304688 0.872917 0.303125 0.875000 0.295312 0.875000 0.293750 0.872917 0.289062 0.872917 0.287500 0.875000 0.278125 0.875000 0.276562 0.872917 0.273438 0.872917 0.271875 0.875000 0.262500 0.875000 0.260937 0.872917 0.257812 0.872917 0.256250 0.875000 0.217188 0.875000 0.215625 0.877083 0.207813 0.877083 0.206250 0.879167 0.201563 0.879167 0.200000 0.877083 0.198437 0.879167 0.193750 0.879167 0.192188 0.881250 0.190625 0.881250 0.190625 0.883333 0.189062 0.885417 0.187500 0.883333 0.187500 0.879167 0.185938 0.877083 0.178125 0.877083 0.176563 0.879167 0.171875 0.879167 0.170313 0.877083 0.162500 0.877083 0.160938 0.879167 0.154688 0.879167 0.153125 0.877083 0.151562 0.879167 0.143750 0.879167 0.142187 0.881250 0.140625 0.879167 0.139063 0.879167 0.137500 0.877083 0.129688 0.877083 0.128125 0.879167 0.125000 0.879167 0.123438 0.877083 0.112500 0.877083 0.110937 0.879167 0.109375 0.877083 0.107813 0.877083 0.106250 0.875000 0.104688 0.875000 0.103125 0.872917 0.101562 0.875000 0.096875 0.875000 0.095312 0.872917 0.096875 0.875000 0.095312 0.877083 0.092188 0.877083 0.087500 0.870833 0.085938 0.870833 0.082812 0.875000 0.081250 0.872917 0.076563 0.872917 0.075000 0.870833 0.071875 0.870833 0.070312 0.868750 0.067187 0.868750 0.065625 0.870833 0.060937 0.870833 0.059375 0.872917 0.057813 0.870833 0.054688 0.870833 0.051562 0.866667 0.051562 0.868750 0.050000 0.870833 0.045312 0.870833 0.043750 0.868750 0.043750 0.864583 0.039062 0.864583 0.037500 0.862500 0.035937 0.862500 0.034375 0.864583 0.029687 0.864583 0.028125 0.862500 0.025000 0.866667 0.023438 0.864583 0.023438 0.862500 0.018750 0.862500 0.017188 0.864583 0.004687 0.864583 0.004687 0.875000 0.003125 0.877083 0.003125 0.885417 0.001563 0.887500 0.000000 0.887500 0.001563 0.887500 0.004687 0.891667 0.003125 0.893750 0.003125 0.900000 0.001563 0.902083 0.001563 0.904167 0.003125 0.906250 0.003125 0.914583 0.000000 0.918750 0.001563 0.918750 0.004687 0.922917 0.003125 0.925000 0.003125 0.931250 0.001563 0.933333 0.000000 0.933333 0.000000 0.935417 0.001563 0.935417 0.003125 0.937500 0.003125 0.945833 0.001563 0.947917 0.000000 0.947917 0.000000 0.950000 0.001563 0.952083 0.003125 0.952083 0.004687 0.954167 0.003125 0.956250 0.003125 0.962500 0.001563 0.964583 0.003125 0.966667 0.003125 0.968750 0.004687 0.970833 0.003125 0.972917 0.003125 0.979167 0.001563 0.981250 0.000000 0.981250 0.001563 0.981250 0.004687 0.985417 0.003125 0.987500 0.003125 0.991667 0.004687 0.993750 0.004687 0.995833 0.010937 0.995833 0.012500 0.993750 0.029687 0.993750 0.032813 0.997917 0.035937 0.993750 0.037500 0.993750 0.039062 0.995833 0.042188 0.995833 0.043750 0.993750 0.045312 0.993750 0.046875 0.995833 0.048438 0.995833 0.050000 0.993750 0.060937 0.993750 0.062500 0.995833 0.065625 0.995833 0.067187 0.993750 0.092188 0.993750 0.095312 0.997917 0.096875 0.995833 0.098437 0.995833 0.100000 0.993750 0.125000 0.993750 0.126562 0.995833 0.126562 0.997917 0.129688 0.993750 0.139063 0.993750 0.140625 0.991667 0.142187 0.991667 0.143750 0.993750 0.145313 0.993750 0.146875 0.991667 0.148438 0.991667 0.150000 0.989583 0.151562 0.989583 0.153125 0.991667 0.162500 0.991667 0.164062 0.989583 0.165625 0.989583 0.162500 0.985417 0.164062 0.983333 0.167187 0.983333 0.168750 0.981250 0.170313 0.981250 0.171875 0.983333 0.176563 0.983333 0.178125 0.981250 0.181250 0.981250 0.178125 0.977083 0.178125 0.975000 0.175000 0.975000 0.173437 0.972917 0.171875 0.972917 0.170313 0.970833 0.170313 0.968750 0.171875 0.966667 0.182812 0.966667 0.184375 0.964583 0.185938 0.966667 0.190625 0.966667 0.192188 0.964583 0.193750 0.966667 0.195312 0.966667 0.198437 0.970833 0.196875 0.972917 0.198437 0.972917 0.200000 0.975000 0.200000 0.977083 0.201563 0.979167 0.201563 0.981250 0.203125 0.983333 0.204687 0.983333 0.206250 0.985417 0.204687 0.987500 0.204687 0.989583 0.206250 0.991667 0.210938 0.991667 0.212500 0.989583 0.214062 0.991667 0.215625 0.991667 0.217188 0.993750 0.218750 0.993750 0.220312 0.995833 0.220312 0.997917 0.221875 0.995833 0.226562 0.995833 0.228125 0.993750 0.234375 0.993750 0.235937 0.995833 0.237500 0.995833 0.239063 0.993750 0.248438 0.993750 0.251563 0.997917 0.253125 0.995833 0.257812 0.995833 0.259375 0.993750 0.281250 0.993750 0.282813 0.995833 0.284375 0.993750 0.312500 0.993750 0.314063 0.995833 0.315625 0.993750 0.343750 0.993750 0.345313 0.995833 0.346875 0.993750 0.406250 0.993750 0.407813 0.995833 0.409375 0.995833 0.410938 0.993750 0.435937 0.993750 0.439063 0.997917 0.440625 0.995833 0.445312 0.995833 0.446875 0.993750 0.451562 0.993750 0.453125 0.995833 0.456250 0.995833 0.457813 0.993750 0.467187 0.993750 0.470313 0.997917 0.471875 0.995833 0.473438 0.995833 0.475000 0.993750 0.484375 0.993750 0.485938 0.995833 0.487500 0.993750 0.500000 0.993750 0.501563 0.995833 0.504687 0.995833 0.506250 0.993750 0.531250 0.993750 0.532813 0.995833 0.534375 0.995833 0.535937 0.993750 0.560937 0.993750 0.564063 0.997917 0.565625 0.995833 0.570312 0.995833 0.571875 0.993750 0.576562 0.993750 0.579688 0.997917 0.582812 0.993750 0.592187 0.993750 0.595313 0.997917 0.596875 0.995833 0.601562 0.995833 0.603125 0.993750 0.614062 0.993750 0.615625 0.995833 0.620313 0.995833 0.621875 0.993750 0.625000 0.993750 0.626563 0.995833 0.626563 0.997917 0.626563 0.995833 0.628125 0.993750 0.631250 0.993750 0.632812 0.995833 0.634375 0.995833 0.635938 0.993750 0.640625 0.993750 0.642188 0.995833 0.654687 0.995833 0.656250 0.993750 0.671875 0.993750 0.673438 0.991667 0.675000 0.993750 0.765625 0.993750 0.767188 0.991667 0.768750 0.993750 0.781250 0.993750 0.782813 0.991667 0.784375 0.993750 0.787500 0.993750 0.789062 0.991667 0.790625 0.991667 0.792188 0.993750 0.795312 0.993750 0.796875 0.991667 0.800000 0.991667 0.801562 0.993750 0.803125 0.993750 0.804688 0.991667 0.806250 0.991667 0.807813 0.993750 0.812500 0.993750 0.814063 0.991667 0.815625 0.993750 0.828125 0.993750 0.829688 0.991667 0.831250 0.993750 0.873437 0.993750 0.876563 0.997917 0.876563 0.995833 0.878125 0.993750 0.890625 0.993750 0.892188 0.991667 0.893750 0.993750 0.920312 0.993750 0.921875 0.991667 0.925000 0.991667 0.926562 0.993750 0.953125 0.993750 0.954688 0.991667 0.956250 0.993750 0.965625 0.993750 0.967187 0.995833 0.968750 0.995833 0.970313 0.997917 0.973437 0.993750 0.982812 0.993750 0.985938 0.997917 0.987500 0.997917 0.989062 0.995833 0.990625 0.995833 0.992188 0.997917 0.993750 0.997917 0.993750 0.993750 0.995313 0.991667 0.995313 0.987500 0.993750 0.985417 0.995313 0.983333 0.995313 0.964583 0.996875 0.962500 0.996875 0.956250 0.995313 0.954167 0.995313 0.952083 0.996875 0.950000 0.996875 0.941667 0.995313 0.939583 0.995313 0.937500 0.998437 0.933333 0.996875 0.931250 0.998437 0.929167 0.998437 0.927083 0.995313 0.922917 0.998437 0.918750 0.998437 0.910417 0.995313 0.906250 0.996875 0.904167 0.996875 0.895833 0.995313 0.893750 0.995313 0.858333 0.996875 0.856250 0.995313 0.854167 0.995313 0.852083 0.996875 0.850000 0.995313 0.847917 0.995313 0.843750 0.998437 0.839583 0.998437 0.833333 0.996875 0.833333 0.995313 0.831250 0.995313 0.827083 0.996875 0.825000 0.998437 0.825000 0.998437 0.816667 0.996875 0.816667 0.995313 0.814583 0.995313 0.812500 0.998437 0.808333 0.998437 0.800000 0.996875 0.797917 0.996875 0.795833 0.998437 0.793750 0.998437 0.783333 0.996875 0.781250 0.998437 0.779167 0.998437 0.752083 0.996875 0.750000 0.998437 0.747917 0.998437 0.739583 0.995313 0.739583 0.993750 0.737500 0.992188 0.737500 0.990625 0.735417 0.992188 0.733333 0.993750 0.733333 0.993750 0.731250 0.992188 0.731250 0.992188 0.733333 0.990625 0.735417 0.990625 0.737500 0.989062 0.739583 0.989062 0.745833 0.987500 0.747917 0.989062 0.750000 0.987500 0.752083 0.987500 0.756250 0.989062 0.758333 0.985938 0.762500 0.985938 0.764583 0.987500 0.766667 0.985938 0.768750 0.985938 0.770833 0.987500 0.772917 0.987500 0.775000 0.985938 0.777083 0.985938 0.779167 0.987500 0.781250 0.987500 0.785417 0.989062 0.787500 0.989062 0.791667 0.987500 0.793750 0.985938 0.793750 0.985938 0.802083 0.987500 0.804167 0.987500 0.806250 0.985938 0.808333 0.985938 0.812500 0.987500 0.814583 0.985938 0.816667 0.987500 0.818750 0.987500 0.820833 0.984375 0.825000 0.985938 0.827083 0.985938 0.837500 0.984375 0.839583 0.984375 0.850000 0.985938 0.852083 0.984375 0.854167 0.984375 0.856250 0.981250 0.860417 0.978125 0.856250 0.976562 0.858333 0.975000 0.858333 0.971875 0.862500 0.967187 0.862500 0.965625 0.864583 0.962500 0.864583 0.962500 0.866667 0.960938 0.868750 0.959375 0.866667 0.957812 0.868750 0.959375 0.870833 0.959375 0.872917 0.957812 0.875000 0.957812 0.877083 0.956250 0.879167 0.953125 0.879167 0.951562 0.877083 0.951562 0.875000 0.948438 0.870833 0.950000 0.868750 0.950000 0.866667 0.950000 0.868750 0.948438 0.870833 0.946875 0.870833 0.940625 0.879167 0.937500 0.879167 0.935937 0.877083 0.935937 0.875000 0.937500 0.872917 0.937500 0.870833 0.935937 0.868750 0.935937 0.866667 0.937500 0.864583 0.935937 0.862500 0.934375 0.862500 0.931250 0.858333 0.929688 0.860417 0.926562 0.860417 0.925000 0.862500 0.921875 0.862500 0.917188 0.856250 0.918750 0.854167 0.918750 0.847917 0.917188 0.847917 0.915625 0.845833 0.912500 0.845833 0.910937 0.847917 0.907813 0.847917 0.914062 0.856250 0.912500 0.858333 0.909375 0.858333 0.907813 0.856250 0.907813 0.860417 0.906250 0.862500 0.904687 0.862500 0.904687 0.864583 0.903125 0.866667 0.903125 0.868750 0.904687 0.870833 0.904687 0.872917 0.903125 0.875000 0.895312 0.875000 0.893750 0.877083 0.892188 0.877083 0.890625 0.875000 0.875000 0.875000 0.873437 0.872917 0.873437 0.860417 0.871875 0.858333 0.871875 0.841667 0.873437 0.839583 0.873437 0.833333 0.871875 0.831250 0.871875 0.829167 0.873437 0.827083 0.873437 0.818750 0.871875 0.816667 0.871875 0.812500 0.873437 0.810417 0.873437 0.804167 0.875000 0.802083 0.876563 0.802083 0.873437 0.797917 0.873437 0.795833 0.875000 0.793750 0.873437 0.791667 0.873437 0.789583 0.876563 0.785417 0.875000 0.785417 0.873437 0.783333 0.873437 0.781250 0.875000 0.779167 0.875000 0.777083 0.873437 0.775000 0.873437 0.772917 0.875000 0.770833 0.873437 0.768750 0.873437 0.754167 0.871875 0.752083 0.871875 0.750000 0.873437 0.747917 0.873437 0.737500 0.871875 0.735417 0.871875 0.731250 0.873437 0.729167 0.873437 0.725000 0.871875 0.722917 0.871875 0.720833 0.870313 0.718750 0.873437 0.714583 0.873437 0.708333 0.871875 0.706250 0.867188 0.706250 0.865625 0.704167 0.867188 0.702083 0.868750 0.702083 0.870313 0.700000 0.870313 0.697917 0.871875 0.695833 0.870313 0.697917 0.867188 0.697917 0.865625 0.695833 0.865625 0.693750 0.862500 0.697917 0.859375 0.697917 0.857812 0.695833 0.857812 0.693750 0.856250 0.693750 0.854688 0.691667 0.853125 0.691667 0.854688 0.693750 0.854688 0.695833 0.853125 0.697917 0.851562 0.697917 0.850000 0.695833 0.848437 0.695833 0.846875 0.697917 0.843750 0.697917 0.840625 0.693750 0.840625 0.695833 0.839063 0.697917 0.835938 0.697917 0.834375 0.695833 0.832812 0.695833 0.831250 0.697917 0.828125 0.697917 0.825000 0.693750 0.823438 0.693750 0.823438 0.695833 0.821875 0.697917 0.820312 0.697917 0.818750 0.695833 0.818750 0.693750 0.817187 0.693750 0.817187 0.695833 0.815625 0.697917 0.812500 0.697917 0.809375 0.693750 0.806250 0.697917 0.804688 0.697917 0.803125 0.695833 0.801562 0.695833 0.798438 0.700000 0.795312 0.695833 0.795312 0.693750 0.793750 0.691667 0.770312 0.691667 0.768750 0.693750 0.768750 0.695833 0.767188 0.697917 0.765625 0.697917 0.764062 0.695833 0.765625 0.693750 0.764062 0.691667 0.757812 0.691667 0.756250 0.693750 0.754687 0.693750 0.754687 0.695833 0.753125 0.697917 0.750000 0.697917 0.748437 0.695833 0.748437 0.693750 0.746875 0.691667 0.745313 0.691667 0.743750 0.693750 0.739062 0.693750 0.739062 0.695833 0.737500 0.697917 0.734375 0.697917 0.732812 0.695833 0.732812 0.693750 0.731250 0.691667 0.725000 0.691667 0.720313 0.697917 0.718750 0.697917 0.717187 0.695833 0.717187 0.691667 0.714063 0.691667 0.712500 0.689583 0.715625 0.685417 0.726562 0.685417 0.728125 0.687500 0.729688 0.685417 0.746875 0.685417 0.748437 0.683333 0.746875 0.681250 0.740625 0.681250 0.739062 0.679167 0.739062 0.681250 0.737500 0.683333 0.734375 0.683333 0.732812 0.681250 0.732812 0.679167 0.731250 0.677083 0.723437 0.677083 0.723437 0.679167 0.720313 0.683333 0.718750 0.683333 0.717187 0.681250 0.717187 0.679167 0.718750 0.677083 0.706250 0.677083 0.707812 0.679167 0.704688 0.683333 0.703125 0.683333 0.701562 0.681250 0.701562 0.677083 
furniture_87 0.726562 0.668750 0.728125 0.670833 0.729688 0.668750 
furniture_87 0.709375 0.668750 0.710938 0.670833 0.712500 0.670833 0.714063 0.668750 
furniture_87 0.401562 0.250000 0.401562 0.252083 0.403125 0.254167 0.403125 0.256250 0.401562 0.258333 0.403125 0.258333 0.403125 0.254167 0.404687 0.252083 0.403125 0.250000 
furniture_87 0.403125 0.235417 0.403125 0.241667 0.401562 0.243750 0.404687 0.243750 0.404687 0.241667 0.406250 0.239583 
furniture_87 0.254688 0.225000 0.254688 0.227083 0.260937 0.227083 0.256250 0.227083 
furniture_87 0.348438 0.210417 0.348438 0.212500 0.350000 0.212500 
furniture_87 0.215625 0.210417 0.215625 0.212500 0.217188 0.212500 0.217188 0.210417 
furniture_87 0.960938 0.000000 0.959375 0.002083 0.920312 0.002083 0.918750 0.004167 0.917188 0.002083 0.914062 0.002083 0.912500 0.004167 0.909375 0.004167 0.907813 0.002083 0.906250 0.002083 0.904687 0.004167 0.901563 0.004167 0.900000 0.002083 0.898438 0.004167 0.876563 0.004167 0.875000 0.002083 0.851562 0.002083 0.850000 0.004167 0.845313 0.004167 0.843750 0.002083 0.820312 0.002083 0.818750 0.004167 0.812500 0.004167 0.810937 0.002083 0.804688 0.002083 0.803125 0.004167 0.796875 0.004167 0.795312 0.002083 0.789062 0.002083 0.787500 0.004167 0.765625 0.004167 0.764062 0.002083 0.676562 0.002083 0.675000 0.004167 0.673438 0.004167 0.671875 0.002083 0.628125 0.002083 0.626563 0.004167 0.625000 0.002083 0.614062 0.002083 0.612500 0.004167 0.609375 0.004167 0.607812 0.002083 0.600000 0.002083 0.598437 0.004167 0.590625 0.004167 0.589063 0.002083 0.585938 0.002083 0.584375 0.004167 0.575000 0.004167 0.573438 0.002083 0.571875 0.002083 0.570312 0.004167 0.559375 0.004167 0.557813 0.002083 0.554688 0.002083 0.553125 0.004167 0.260937 0.004167 0.259375 0.002083 0.257812 0.004167 0.231250 0.004167 0.229687 0.002083 0.226562 0.002083 0.225000 0.004167 0.170313 0.004167 0.168750 0.002083 0.164062 0.002083 0.162500 0.004167 0.159375 0.004167 0.157812 0.002083 0.004687 0.002083 0.003125 0.004167 0.000000 0.004167 0.000000 0.666667 0.001563 0.668750 0.000000 0.670833 0.000000 0.679167 0.003125 0.683333 0.003125 0.687500 0.004687 0.689583 0.004687 0.695833 0.006250 0.695833 0.007812 0.697917 0.009375 0.697917 0.010937 0.695833 0.014063 0.695833 0.014063 0.693750 0.015625 0.691667 0.017188 0.691667 0.020313 0.695833 0.031250 0.695833 0.032813 0.697917 0.043750 0.697917 0.045312 0.695833 0.046875 0.695833 0.048438 0.693750 0.050000 0.695833 0.053125 0.695833 0.053125 0.691667 0.054688 0.689583 0.059375 0.689583 0.064062 0.683333 0.071875 0.683333 0.073438 0.681250 0.078125 0.681250 0.079687 0.683333 0.081250 0.681250 0.082812 0.681250 0.085938 0.677083 0.085938 0.668750 0.087500 0.666667 0.087500 0.664583 0.089063 0.662500 0.089063 0.656250 0.092188 0.652083 0.092188 0.647917 0.093750 0.645833 0.093750 0.643750 0.092188 0.641667 0.093750 0.639583 0.093750 0.633333 0.095312 0.631250 0.095312 0.629167 0.093750 0.627083 0.093750 0.616667 0.095312 0.614583 0.093750 0.612500 0.093750 0.600000 0.095312 0.597917 0.093750 0.595833 0.093750 0.585417 0.095312 0.583333 0.095312 0.581250 0.093750 0.579167 0.093750 0.577083 0.095312 0.575000 0.093750 0.572917 0.093750 0.570833 0.096875 0.566667 0.093750 0.562500 0.095312 0.560417 0.093750 0.558333 0.093750 0.554167 0.095312 0.552083 0.095312 0.550000 0.093750 0.547917 0.100000 0.539583 0.100000 0.533333 0.103125 0.529167 0.103125 0.527083 0.107813 0.520833 0.107813 0.514583 0.109375 0.512500 0.109375 0.510417 0.110937 0.508333 0.112500 0.508333 0.114062 0.506250 0.114062 0.504167 0.115625 0.502083 0.115625 0.500000 0.114062 0.497917 0.114062 0.495833 0.115625 0.493750 0.115625 0.489583 0.117188 0.487500 0.117188 0.481250 0.120313 0.477083 0.120313 0.472917 0.121875 0.470833 0.123438 0.470833 0.125000 0.472917 0.126562 0.472917 0.128125 0.470833 0.128125 0.468750 0.126562 0.468750 0.125000 0.466667 0.125000 0.464583 0.128125 0.460417 0.128125 0.458333 0.131250 0.454167 0.131250 0.450000 0.135937 0.443750 0.135937 0.441667 0.137500 0.439583 0.139063 0.439583 0.139063 0.437500 0.140625 0.435417 0.142187 0.435417 0.146875 0.429167 0.145313 0.427083 0.148438 0.422917 0.148438 0.420833 0.150000 0.418750 0.150000 0.416667 0.151562 0.414583 0.150000 0.412500 0.150000 0.410417 0.153125 0.406250 0.154688 0.406250 0.156250 0.404167 0.157812 0.404167 0.160938 0.400000 0.160938 0.387500 0.162500 0.385417 0.164062 0.385417 0.164062 0.383333 0.165625 0.381250 0.165625 0.379167 0.167187 0.377083 0.167187 0.372917 0.170313 0.368750 0.171875 0.370833 0.175000 0.366667 0.176563 0.366667 0.176563 0.362500 0.178125 0.360417 0.175000 0.356250 0.176563 0.354167 0.178125 0.354167 0.179688 0.352083 0.179688 0.347917 0.181250 0.345833 0.181250 0.343750 0.179688 0.343750 0.178125 0.341667 0.178125 0.339583 0.179688 0.337500 0.179688 0.335417 0.181250 0.333333 0.181250 0.327083 0.179688 0.325000 0.181250 0.322917 0.181250 0.320833 0.182812 0.318750 0.182812 0.314583 0.181250 0.312500 0.181250 0.310417 0.179688 0.308333 0.179688 0.306250 0.181250 0.304167 0.181250 0.300000 0.179688 0.297917 0.179688 0.285417 0.176563 0.281250 0.176563 0.270833 0.175000 0.268750 0.173437 0.268750 0.171875 0.266667 0.176563 0.260417 0.176563 0.256250 0.171875 0.250000 0.176563 0.243750 0.176563 0.239583 0.175000 0.237500 0.171875 0.237500 0.170313 0.235417 0.173437 0.231250 0.173437 0.229167 0.175000 0.227083 0.176563 0.227083 0.175000 0.225000 0.175000 0.222917 0.173437 0.222917 0.171875 0.220833 0.171875 0.212500 0.173437 0.210417 0.175000 0.210417 0.176563 0.212500 0.175000 0.210417 0.175000 0.206250 0.176563 0.204167 0.175000 0.206250 0.173437 0.206250 0.171875 0.204167 0.173437 0.202083 0.173437 0.200000 0.175000 0.197917 0.179688 0.197917 0.181250 0.200000 0.182812 0.197917 0.185938 0.197917 0.187500 0.195833 0.189062 0.195833 0.190625 0.197917 0.209375 0.197917 0.210938 0.200000 0.210938 0.202083 0.209375 0.204167 0.218750 0.204167 0.220312 0.202083 0.221875 0.204167 0.221875 0.206250 0.228125 0.206250 0.229687 0.208333 0.228125 0.210417 0.221875 0.210417 0.221875 0.212500 0.220312 0.214583 0.223438 0.214583 0.225000 0.216667 0.235937 0.216667 0.237500 0.214583 0.240625 0.214583 0.242188 0.216667 0.245312 0.216667 0.246875 0.214583 0.248438 0.216667 0.251563 0.216667 0.254688 0.220833 0.256250 0.220833 0.257812 0.218750 0.259375 0.218750 0.260937 0.216667 0.265625 0.216667 0.267188 0.214583 0.271875 0.214583 0.273438 0.216667 0.276562 0.216667 0.278125 0.214583 0.279687 0.214583 0.281250 0.216667 0.282813 0.216667 0.284375 0.214583 0.287500 0.214583 0.289062 0.216667 0.293750 0.216667 0.295312 0.214583 0.303125 0.214583 0.304688 0.216667 0.307812 0.216667 0.309375 0.214583 0.310937 0.214583 0.310937 0.210417 0.309375 0.208333 0.309375 0.206250 0.310937 0.204167 0.310937 0.202083 0.309375 0.200000 0.310937 0.197917 0.310937 0.191667 0.312500 0.189583 0.312500 0.187500 0.314063 0.185417 0.315625 0.187500 0.345313 0.187500 0.346875 0.189583 0.345313 0.191667 0.348438 0.195833 0.350000 0.195833 0.348438 0.193750 0.348438 0.191667 0.350000 0.189583 0.353125 0.189583 0.354687 0.187500 0.357812 0.187500 0.359375 0.185417 0.362500 0.185417 0.364063 0.187500 0.364063 0.189583 0.365625 0.187500 0.368750 0.187500 0.364063 0.187500 0.362500 0.185417 0.364063 0.183333 0.370312 0.183333 0.371875 0.181250 0.375000 0.185417 0.375000 0.187500 0.378125 0.191667 0.378125 0.195833 0.379688 0.197917 0.381250 0.197917 0.382812 0.195833 0.389062 0.195833 0.390625 0.193750 0.392188 0.193750 0.393750 0.195833 0.390625 0.200000 0.393750 0.204167 0.393750 0.212500 0.392188 0.214583 0.389062 0.210417 0.387500 0.210417 0.385937 0.212500 0.382812 0.212500 0.381250 0.210417 0.379688 0.210417 0.378125 0.212500 0.376563 0.212500 0.376563 0.214583 0.395313 0.214583 0.396875 0.216667 0.398438 0.216667 0.400000 0.218750 0.401562 0.218750 0.403125 0.220833 0.403125 0.225000 0.401562 0.227083 0.401562 0.229167 0.404687 0.229167 0.406250 0.231250 0.407813 0.231250 0.410938 0.235417 0.409375 0.237500 0.409375 0.239583 0.412500 0.243750 0.412500 0.245833 0.414062 0.247917 0.412500 0.250000 0.410938 0.250000 0.410938 0.252083 0.412500 0.252083 0.414062 0.254167 0.414062 0.258333 0.415625 0.260417 0.420312 0.260417 0.421875 0.258333 0.421875 0.256250 0.423438 0.254167 0.425000 0.256250 0.425000 0.258333 0.426563 0.260417 0.428125 0.260417 0.429688 0.262500 0.426563 0.266667 0.431250 0.266667 0.432812 0.268750 0.434375 0.268750 0.435937 0.270833 0.435937 0.272917 0.439063 0.277083 0.439063 0.279167 0.437500 0.281250 0.439063 0.283333 0.440625 0.283333 0.442188 0.285417 0.442188 0.287500 0.440625 0.289583 0.454688 0.289583 0.456250 0.291667 0.459375 0.291667 0.460938 0.293750 0.457813 0.297917 0.462500 0.297917 0.464062 0.300000 0.467187 0.300000 0.468750 0.297917 0.470313 0.297917 0.473438 0.302083 0.473438 0.304167 0.475000 0.306250 0.476562 0.306250 0.478125 0.308333 0.478125 0.310417 0.476562 0.312500 0.473438 0.312500 0.471875 0.314583 0.481250 0.314583 0.482812 0.316667 0.482812 0.318750 0.481250 0.320833 0.482812 0.320833 0.487500 0.327083 0.487500 0.329167 0.489063 0.331250 0.496875 0.331250 0.498437 0.333333 0.498437 0.335417 0.503125 0.335417 0.504687 0.337500 0.514062 0.337500 0.515625 0.335417 0.518750 0.335417 0.520312 0.337500 0.521875 0.337500 0.523438 0.335417 0.525000 0.335417 0.526563 0.337500 0.529687 0.337500 0.531250 0.335417 0.532813 0.335417 0.534375 0.337500 0.543750 0.337500 0.548438 0.331250 0.550000 0.333333 0.551562 0.333333 0.553125 0.331250 0.554688 0.331250 0.556250 0.329167 0.557813 0.329167 0.557813 0.325000 0.562500 0.318750 0.562500 0.308333 0.564063 0.306250 0.567187 0.306250 0.568750 0.304167 0.570312 0.304167 0.571875 0.302083 0.571875 0.297917 0.573438 0.295833 0.573438 0.293750 0.576562 0.289583 0.576562 0.287500 0.578125 0.285417 0.578125 0.275000 0.581250 0.270833 0.579688 0.268750 0.579688 0.262500 0.582812 0.258333 0.582812 0.252083 0.579688 0.247917 0.579688 0.245833 0.582812 0.241667 0.581250 0.239583 0.581250 0.235417 0.579688 0.233333 0.579688 0.231250 0.582812 0.227083 0.582812 0.222917 0.578125 0.216667 0.578125 0.212500 0.581250 0.208333 0.581250 0.206250 0.582812 0.204167 0.581250 0.204167 0.579688 0.202083 0.579688 0.200000 0.581250 0.197917 0.582812 0.197917 0.584375 0.195833 0.585938 0.195833 0.585938 0.193750 0.589063 0.189583 0.590625 0.189583 0.593750 0.185417 0.596875 0.185417 0.598437 0.183333 0.604688 0.183333 0.606250 0.181250 0.617188 0.181250 0.617188 0.179167 0.615625 0.177083 0.617188 0.175000 0.620313 0.175000 0.621875 0.172917 0.623437 0.172917 0.623437 0.168750 0.626563 0.164583 0.628125 0.164583 0.629687 0.166667 0.639062 0.166667 0.642188 0.170833 0.645312 0.170833 0.646875 0.172917 0.651563 0.172917 0.654687 0.177083 0.651563 0.181250 0.653125 0.181250 0.657813 0.187500 0.659375 0.187500 0.660937 0.189583 0.662500 0.189583 0.664062 0.187500 0.667188 0.187500 0.671875 0.193750 0.671875 0.195833 0.673438 0.195833 0.679688 0.204167 0.681250 0.204167 0.684375 0.208333 0.681250 0.212500 0.679688 0.212500 0.681250 0.212500 0.684375 0.216667 0.684375 0.225000 0.682813 0.227083 0.681250 0.227083 0.682813 0.229167 0.684375 0.229167 0.685937 0.231250 0.685937 0.252083 0.687500 0.254167 0.687500 0.262500 0.690625 0.266667 0.690625 0.270833 0.692187 0.272917 0.692187 0.275000 0.689063 0.279167 0.689063 0.283333 0.690625 0.285417 0.690625 0.291667 0.689063 0.293750 0.690625 0.293750 0.692187 0.295833 0.692187 0.297917 0.693750 0.300000 0.695312 0.300000 0.696875 0.302083 0.695312 0.304167 0.693750 0.304167 0.693750 0.306250 0.695312 0.308333 0.693750 0.310417 0.693750 0.312500 0.692187 0.314583 0.693750 0.316667 0.693750 0.322917 0.698438 0.329167 0.701562 0.329167 0.701562 0.327083 0.703125 0.325000 0.704688 0.325000 0.706250 0.327083 0.706250 0.329167 0.709375 0.333333 0.712500 0.333333 0.715625 0.337500 0.715625 0.335417 0.717187 0.333333 0.717187 0.329167 0.718750 0.327083 0.720313 0.327083 0.723437 0.331250 0.723437 0.335417 0.725000 0.335417 0.726562 0.333333 0.728125 0.333333 0.731250 0.337500 0.734375 0.333333 0.737500 0.333333 0.739062 0.335417 0.739062 0.337500 0.740625 0.335417 0.742188 0.335417 0.743750 0.333333 0.745313 0.335417 0.746875 0.335417 0.751563 0.329167 0.753125 0.331250 0.764062 0.331250 0.765625 0.333333 0.767188 0.333333 0.770312 0.337500 0.775000 0.331250 0.778125 0.331250 0.779687 0.333333 0.782813 0.333333 0.785937 0.337500 0.787500 0.337500 0.787500 0.333333 0.789062 0.331250 0.793750 0.331250 0.795312 0.333333 0.798438 0.333333 0.801562 0.337500 0.803125 0.335417 0.803125 0.333333 0.804688 0.331250 0.809375 0.331250 0.810937 0.333333 0.814063 0.333333 0.817187 0.337500 0.818750 0.335417 0.818750 0.333333 0.820312 0.331250 0.825000 0.331250 0.826562 0.333333 0.828125 0.333333 0.829688 0.335417 0.831250 0.335417 0.832812 0.337500 0.834375 0.337500 0.837500 0.333333 0.839063 0.335417 0.842187 0.335417 0.843750 0.333333 0.846875 0.333333 0.848437 0.335417 0.850000 0.335417 0.850000 0.333333 0.851562 0.331250 0.854688 0.331250 0.856250 0.333333 0.860938 0.333333 0.864062 0.337500 0.865625 0.337500 0.868750 0.333333 0.870313 0.335417 0.873437 0.335417 0.873437 0.333333 0.875000 0.331250 0.890625 0.331250 0.895312 0.337500 0.898438 0.337500 0.900000 0.335417 0.901563 0.337500 0.904687 0.337500 0.906250 0.335417 0.909375 0.335417 0.910937 0.337500 0.914062 0.337500 0.915625 0.335417 0.917188 0.337500 0.932813 0.337500 0.934375 0.339583 0.935937 0.339583 0.937500 0.337500 0.940625 0.337500 0.942187 0.339583 0.946875 0.339583 0.948438 0.341667 0.946875 0.343750 0.925000 0.343750 0.925000 0.345833 0.940625 0.345833 0.942187 0.347917 0.943750 0.345833 0.948438 0.345833 0.950000 0.347917 0.954688 0.347917 0.957812 0.352083 0.967187 0.352083 0.970313 0.347917 0.973437 0.352083 0.976562 0.352083 0.978125 0.350000 0.979688 0.352083 0.982812 0.352083 0.982812 0.347917 0.984375 0.345833 0.989062 0.345833 0.990625 0.347917 0.993750 0.347917 0.995313 0.345833 0.995313 0.339583 0.996875 0.337500 0.998437 0.337500 0.998437 0.002083 0.996875 0.002083 0.995313 0.000000 0.990625 0.000000 0.989062 0.002083 0.987500 0.000000 0.984375 0.000000 0.982812 0.002083 0.965625 0.002083 0.964063 0.000000 
