animal_87 0.012500 0.818750 0.012500 0.822917 0.014063 0.820833 
animal_87 0.090625 0.712500 0.090625 0.714583 0.089063 0.716667 0.090625 0.718750 
animal_87 0.114062 0.679167 0.114062 0.681250 0.115625 0.681250 0.115625 0.679167 
animal_87 0.114062 0.664583 0.114062 0.666667 0.112500 0.668750 0.109375 0.668750 0.112500 0.668750 0.115625 0.664583 
animal_87 0.253125 0.454167 0.253125 0.456250 0.254688 0.458333 0.254688 0.460417 0.256250 0.460417 0.256250 0.454167 
animal_87 0.254688 0.437500 0.253125 0.439583 0.254688 0.441667 0.254688 0.445833 0.256250 0.445833 0.256250 0.443750 0.254688 0.441667 0.256250 0.439583 
animal_87 0.278125 0.414583 0.275000 0.418750 0.273438 0.418750 0.279687 0.418750 0.278125 0.416667 
animal_87 0.246875 0.414583 0.246875 0.416667 0.245312 0.418750 0.242188 0.418750 0.245312 0.418750 0.246875 0.420833 
animal_87 0.239063 0.381250 0.239063 0.385417 0.240625 0.385417 0.242188 0.387500 0.243750 0.387500 0.246875 0.391667 0.243750 0.395833 0.245312 0.395833 0.246875 0.397917 0.246875 0.400000 0.245312 0.402083 0.242188 0.402083 0.240625 0.400000 0.240625 0.397917 0.239063 0.397917 0.239063 0.402083 0.240625 0.402083 0.242188 0.404167 0.246875 0.404167 0.246875 0.381250 0.246875 0.385417 0.245312 0.387500 0.242188 0.387500 0.240625 0.385417 0.240625 0.383333 
animal_87 0.234375 0.356250 0.235937 0.358333 0.235937 0.356250 
animal_87 0.246875 0.352083 0.246875 0.354167 0.245312 0.356250 0.242188 0.356250 0.243750 0.358333 0.245312 0.358333 0.246875 0.360417 0.243750 0.364583 0.240625 0.364583 0.239063 0.362500 0.239063 0.360417 0.239063 0.362500 0.237500 0.364583 0.235937 0.364583 0.239063 0.368750 0.237500 0.370833 0.234375 0.370833 0.234375 0.372917 0.237500 0.372917 0.240625 0.368750 0.240625 0.366667 0.242188 0.364583 0.245312 0.364583 0.246875 0.366667 0.246875 0.368750 0.243750 0.372917 0.242188 0.372917 0.246875 0.372917 0.246875 0.358333 0.245312 0.356250 0.246875 0.354167 
animal_87 0.293750 0.304167 0.293750 0.306250 0.292187 0.308333 0.293750 0.308333 0.295312 0.306250 0.295312 0.304167 
animal_87 0.239063 0.287500 0.239063 0.289583 0.235937 0.293750 0.234375 0.293750 0.235937 0.295833 0.239063 0.291667 0.240625 0.293750 0.242188 0.293750 0.243750 0.295833 0.245312 0.295833 0.246875 0.297917 0.243750 0.302083 0.242188 0.302083 0.240625 0.304167 0.237500 0.304167 0.237500 0.306250 0.235937 0.308333 0.234375 0.308333 0.234375 0.310417 0.237500 0.310417 0.239063 0.308333 0.240625 0.308333 0.242188 0.310417 0.246875 0.310417 0.246875 0.287500 0.246875 0.291667 0.245312 0.293750 0.242188 0.293750 0.240625 0.291667 0.240625 0.289583 
animal_87 0.285938 0.272917 0.285938 0.275000 0.287500 0.275000 
animal_87 0.254688 0.272917 0.254688 0.275000 0.256250 0.275000 
animal_87 0.223438 0.272917 0.223438 0.275000 0.225000 0.275000 
animal_87 0.246875 0.258333 0.246875 0.260417 0.245312 0.262500 0.243750 0.262500 0.245312 0.262500 0.246875 0.264583 0.246875 0.268750 0.245312 0.270833 0.243750 0.270833 0.245312 0.270833 0.246875 0.272917 0.246875 0.275000 0.245312 0.277083 0.242188 0.277083 0.240625 0.275000 0.240625 0.272917 0.239063 0.272917 0.235937 0.277083 0.234375 0.277083 0.232813 0.275000 0.232813 0.272917 0.231250 0.272917 0.231250 0.277083 0.232813 0.277083 0.234375 0.279167 0.237500 0.279167 0.239063 0.277083 0.240625 0.277083 0.242188 0.279167 0.245312 0.279167 0.246875 0.281250 0.246875 0.283333 0.246875 0.279167 0.248438 0.277083 0.248438 0.275000 0.245312 0.270833 0.246875 0.268750 0.246875 0.264583 0.245312 0.262500 0.246875 0.260417 
animal_87 0.325000 0.256250 0.320312 0.262500 0.321875 0.264583 0.323437 0.264583 0.325000 0.266667 0.321875 0.270833 0.318750 0.270833 0.317188 0.272917 0.317188 0.277083 0.318750 0.279167 0.323437 0.279167 0.325000 0.281250 0.326562 0.279167 0.328125 0.279167 0.328125 0.277083 0.326562 0.275000 0.326562 0.258333 
animal_87 0.325000 0.241667 0.325000 0.243750 0.321875 0.247917 0.323437 0.245833 0.325000 0.245833 
animal_87 0.285938 0.241667 0.285938 0.243750 0.287500 0.243750 0.289062 0.245833 0.289062 0.247917 0.295312 0.247917 0.295312 0.241667 0.293750 0.241667 0.293750 0.243750 0.292187 0.245833 0.289062 0.245833 
animal_87 0.278125 0.241667 0.278125 0.245833 0.276562 0.247917 0.275000 0.247917 0.276562 0.247917 0.278125 0.250000 0.278125 0.252083 0.278125 0.250000 0.276562 0.247917 0.278125 0.245833 
animal_87 0.270313 0.241667 0.270313 0.243750 0.271875 0.243750 
animal_87 0.348438 0.239583 0.348438 0.243750 0.350000 0.243750 0.348438 0.241667 
animal_87 0.339062 0.225000 0.339062 0.227083 0.335938 0.231250 0.337500 0.233333 0.342187 0.233333 0.342187 0.227083 0.340625 0.225000 
animal_87 0.356250 0.222917 0.356250 0.225000 0.351562 0.231250 0.353125 0.231250 0.354687 0.233333 0.357812 0.233333 0.359375 0.231250 0.357812 0.229167 0.357812 0.225000 
animal_87 0.325000 0.210417 0.325000 0.214583 0.326562 0.214583 0.326562 0.212500 
animal_87 0.301563 0.210417 0.298438 0.214583 0.298438 0.216667 0.301563 0.212500 0.303125 0.212500 
animal_87 0.340625 0.193750 0.335938 0.200000 0.337500 0.202083 0.339062 0.202083 0.340625 0.204167 0.335938 0.210417 0.332813 0.210417 0.332813 0.214583 0.334375 0.214583 0.335938 0.216667 0.342187 0.216667 0.342187 0.210417 0.340625 0.208333 
animal_87 0.301563 0.193750 0.300000 0.195833 0.300000 0.197917 0.298438 0.200000 0.296875 0.200000 0.300000 0.200000 0.301563 0.197917 0.303125 0.200000 0.309375 0.200000 0.310937 0.197917 0.310937 0.195833 0.309375 0.195833 0.306250 0.200000 0.304688 0.200000 0.303125 0.197917 0.303125 0.195833 
animal_87 0.339062 0.179167 0.339062 0.181250 0.337500 0.183333 0.335938 0.183333 0.334375 0.181250 0.332813 0.181250 0.334375 0.181250 0.337500 0.185417 0.340625 0.185417 0.340625 0.179167 
animal_87 0.301563 0.179167 0.301563 0.181250 0.303125 0.181250 0.304688 0.183333 0.304688 0.185417 0.307812 0.185417 0.309375 0.183333 0.309375 0.179167 0.309375 0.181250 0.307812 0.183333 0.304688 0.183333 0.303125 0.181250 0.303125 0.179167 
animal_87 0.340625 0.164583 0.340625 0.166667 0.339062 0.168750 0.337500 0.168750 0.340625 0.168750 
animal_87 0.309375 0.164583 0.309375 0.166667 0.307812 0.168750 0.304688 0.168750 0.307812 0.168750 0.309375 0.170833 0.309375 0.172917 0.309375 0.170833 0.307812 0.168750 0.309375 0.166667 
animal_87 0.301563 0.164583 0.301563 0.166667 0.303125 0.164583 
animal_87 0.317188 0.147917 0.317188 0.150000 0.318750 0.150000 
animal_87 0.356250 0.133333 0.356250 0.135417 0.354687 0.137500 0.353125 0.137500 0.357812 0.137500 0.356250 0.135417 
animal_87 0.300000 0.133333 0.300000 0.135417 0.298438 0.137500 0.296875 0.137500 0.300000 0.137500 0.301563 0.135417 0.303125 0.137500 0.304688 0.137500 0.306250 0.139583 0.307812 0.139583 0.309375 0.141667 0.309375 0.143750 0.307812 0.145833 0.306250 0.145833 0.307812 0.145833 0.309375 0.147917 0.309375 0.150000 0.307812 0.152083 0.304688 0.152083 0.301563 0.147917 0.301563 0.150000 0.303125 0.150000 0.304688 0.152083 0.304688 0.154167 0.309375 0.154167 0.310937 0.152083 0.310937 0.150000 0.307812 0.145833 0.309375 0.143750 0.309375 0.141667 0.312500 0.137500 0.314063 0.137500 0.312500 0.137500 0.310937 0.135417 0.310937 0.133333 0.309375 0.133333 0.306250 0.137500 0.304688 0.137500 0.303125 0.135417 0.303125 0.133333 
animal_87 0.364063 0.131250 0.364063 0.133333 0.365625 0.133333 
animal_87 0.317188 0.116667 0.317188 0.118750 0.318750 0.118750 
animal_87 0.371875 0.102083 0.370312 0.104167 0.368750 0.104167 0.367188 0.106250 0.368750 0.108333 0.370312 0.108333 0.371875 0.106250 0.373437 0.106250 0.373437 0.102083 
animal_87 0.340625 0.100000 0.340625 0.102083 0.337500 0.106250 0.335938 0.106250 0.334375 0.104167 0.334375 0.102083 0.332813 0.102083 0.329688 0.106250 0.328125 0.106250 0.326562 0.104167 0.326562 0.102083 0.325000 0.102083 0.325000 0.104167 0.323437 0.106250 0.321875 0.106250 0.323437 0.106250 0.325000 0.108333 0.325000 0.110417 0.328125 0.106250 0.329688 0.106250 0.331250 0.104167 0.334375 0.104167 0.335938 0.106250 0.335938 0.108333 0.337500 0.108333 0.339062 0.110417 0.334375 0.116667 0.332813 0.116667 0.329688 0.120833 0.328125 0.120833 0.326562 0.118750 0.326562 0.116667 0.325000 0.116667 0.325000 0.118750 0.321875 0.122917 0.323437 0.122917 0.325000 0.120833 0.326562 0.120833 0.328125 0.122917 0.329688 0.122917 0.331250 0.120833 0.332813 0.120833 0.334375 0.122917 0.337500 0.122917 0.340625 0.127083 0.339062 0.129167 0.335938 0.129167 0.334375 0.131250 0.332813 0.131250 0.331250 0.133333 0.331250 0.135417 0.329688 0.137500 0.325000 0.131250 0.325000 0.135417 0.323437 0.137500 0.320312 0.137500 0.318750 0.135417 0.318750 0.133333 0.317188 0.133333 0.317188 0.135417 0.318750 0.135417 0.320312 0.137500 0.321875 0.137500 0.325000 0.141667 0.328125 0.137500 0.331250 0.137500 0.332813 0.135417 0.334375 0.137500 0.334375 0.139583 0.337500 0.139583 0.339062 0.141667 0.337500 0.143750 0.335938 0.143750 0.335938 0.145833 0.334375 0.147917 0.331250 0.147917 0.331250 0.150000 0.329688 0.152083 0.328125 0.152083 0.326562 0.150000 0.326562 0.147917 0.325000 0.147917 0.325000 0.150000 0.321875 0.154167 0.323437 0.152083 0.326562 0.152083 0.328125 0.154167 0.329688 0.154167 0.331250 0.152083 0.334375 0.152083 0.335938 0.154167 0.340625 0.154167 0.342187 0.152083 0.342187 0.147917 0.340625 0.145833 0.340625 0.139583 0.342187 0.137500 0.342187 0.133333 0.340625 0.131250 
animal_87 0.371875 0.085417 0.368750 0.089583 0.368750 0.091667 0.371875 0.091667 0.373437 0.089583 0.373437 0.085417 
animal_87 0.371875 0.070833 0.371875 0.072917 0.370312 0.075000 0.368750 0.075000 0.371875 0.075000 
animal_87 0.325000 0.070833 0.325000 0.072917 0.323437 0.075000 0.320312 0.075000 0.323437 0.075000 0.325000 0.072917 
animal_87 0.317188 0.070833 0.317188 0.072917 0.318750 0.070833 
animal_87 0.309375 0.070833 0.309375 0.072917 0.307812 0.075000 0.304688 0.075000 0.307812 0.075000 0.309375 0.072917 
animal_87 0.356250 0.054167 0.356250 0.056250 0.354687 0.058333 0.353125 0.058333 0.353125 0.060417 0.354687 0.060417 0.356250 0.058333 0.357812 0.058333 0.357812 0.056250 
animal_87 0.371875 0.037500 0.368750 0.041667 0.367188 0.041667 0.365625 0.039583 0.364063 0.039583 0.365625 0.041667 0.365625 0.043750 0.368750 0.047917 0.364063 0.054167 0.364063 0.056250 0.367188 0.060417 0.371875 0.060417 0.371875 0.058333 0.373437 0.056250 0.371875 0.054167 0.371875 0.050000 0.370312 0.047917 0.371875 0.045833 
animal_87 0.307812 0.016667 0.306250 0.018750 0.304688 0.018750 0.304688 0.020833 0.307812 0.020833 0.309375 0.022917 0.309375 0.025000 0.309375 0.022917 0.310937 0.020833 0.310937 0.016667 
animal_87 0.325000 0.014583 0.323437 0.016667 0.320312 0.016667 0.318750 0.018750 0.318750 0.020833 0.317188 0.022917 0.317188 0.025000 0.318750 0.025000 0.318750 0.022917 0.320312 0.020833 0.321875 0.020833 0.325000 0.025000 0.323437 0.027083 0.321875 0.027083 0.320312 0.029167 0.326562 0.029167 0.326562 0.014583 
animal_87 0.332813 0.008333 0.332813 0.010417 0.331250 0.012500 0.329688 0.012500 0.332813 0.012500 0.335938 0.016667 0.334375 0.018750 0.334375 0.020833 0.332813 0.022917 0.332813 0.025000 0.335938 0.029167 0.339062 0.029167 0.340625 0.031250 0.340625 0.033333 0.339062 0.035417 0.335938 0.035417 0.332813 0.039583 0.332813 0.041667 0.331250 0.043750 0.328125 0.043750 0.326562 0.041667 0.326562 0.039583 0.325000 0.037500 0.325000 0.039583 0.321875 0.043750 0.320312 0.043750 0.318750 0.041667 0.318750 0.039583 0.317188 0.039583 0.317188 0.041667 0.315625 0.043750 0.312500 0.043750 0.309375 0.039583 0.309375 0.041667 0.307812 0.043750 0.304688 0.043750 0.301563 0.039583 0.301563 0.041667 0.300000 0.043750 0.295312 0.043750 0.300000 0.043750 0.301563 0.041667 0.303125 0.043750 0.304688 0.043750 0.306250 0.045833 0.309375 0.045833 0.310937 0.043750 0.315625 0.043750 0.317188 0.041667 0.318750 0.043750 0.320312 0.043750 0.321875 0.045833 0.323437 0.045833 0.325000 0.047917 0.323437 0.050000 0.321875 0.050000 0.318750 0.054167 0.317188 0.054167 0.314063 0.058333 0.312500 0.058333 0.310937 0.056250 0.310937 0.054167 0.309375 0.054167 0.307812 0.052083 0.306250 0.052083 0.307812 0.052083 0.309375 0.054167 0.306250 0.058333 0.304688 0.058333 0.303125 0.056250 0.303125 0.054167 0.301563 0.054167 0.298438 0.058333 0.295312 0.058333 0.296875 0.060417 0.300000 0.060417 0.301563 0.058333 0.303125 0.060417 0.315625 0.060417 0.317188 0.058333 0.318750 0.060417 0.323437 0.060417 0.325000 0.062500 0.326562 0.060417 0.328125 0.060417 0.328125 0.058333 0.326562 0.056250 0.326562 0.045833 0.328125 0.043750 0.331250 0.043750 0.332813 0.041667 0.335938 0.045833 0.337500 0.045833 0.339062 0.047917 0.334375 0.054167 0.332813 0.054167 0.332813 0.056250 0.335938 0.060417 0.337500 0.060417 0.340625 0.064583 0.339062 0.066667 0.335938 0.066667 0.332813 0.070833 0.332813 0.072917 0.331250 0.075000 0.328125 0.075000 0.331250 0.075000 0.332813 0.072917 0.335938 0.077083 0.339062 0.077083 0.340625 0.079167 0.339062 0.081250 0.337500 0.081250 0.334375 0.085417 0.332813 0.085417 0.332813 0.087500 0.335938 0.091667 0.339062 0.091667 0.340625 0.093750 0.340625 0.045833 0.342187 0.043750 0.342187 0.041667 0.340625 0.039583 0.340625 0.029167 0.342187 0.027083 0.342187 0.012500 0.340625 0.010417 0.339062 0.012500 0.335938 0.012500 
animal_87 0.364063 0.006250 0.362500 0.008333 0.362500 0.010417 0.360938 0.012500 0.359375 0.012500 0.357812 0.010417 0.356250 0.010417 0.354687 0.012500 0.350000 0.012500 0.348438 0.010417 0.348438 0.008333 0.348438 0.010417 0.350000 0.012500 0.353125 0.012500 0.356250 0.016667 0.359375 0.016667 0.360938 0.018750 0.360938 0.020833 0.362500 0.022917 0.362500 0.025000 0.360938 0.027083 0.359375 0.027083 0.357812 0.025000 0.357812 0.022917 0.356250 0.020833 0.351562 0.020833 0.350000 0.022917 0.348438 0.022917 0.348438 0.025000 0.351562 0.029167 0.356250 0.029167 0.357812 0.027083 0.359375 0.029167 0.367188 0.029167 0.368750 0.031250 0.370312 0.029167 0.373437 0.029167 0.373437 0.022917 0.371875 0.020833 0.371875 0.008333 0.370312 0.010417 0.368750 0.010417 0.367188 0.008333 0.367188 0.006250 
animal_87 0.381250 0.000000 0.381250 0.004167 0.379688 0.006250 0.379688 0.012500 0.381250 0.014583 0.381250 0.020833 0.379688 0.022917 0.379688 0.029167 0.381250 0.031250 0.381250 0.045833 0.382812 0.047917 0.382812 0.050000 0.381250 0.052083 0.381250 0.064583 0.379688 0.066667 0.379688 0.075000 0.381250 0.077083 0.381250 0.081250 0.379688 0.083333 0.379688 0.093750 0.378125 0.095833 0.378125 0.120833 0.376563 0.122917 0.373437 0.118750 0.373437 0.116667 0.367188 0.116667 0.367188 0.122917 0.373437 0.122917 0.375000 0.125000 0.375000 0.129167 0.371875 0.133333 0.370312 0.133333 0.367188 0.137500 0.367188 0.139583 0.371875 0.139583 0.373437 0.141667 0.373437 0.145833 0.371875 0.147917 0.367188 0.147917 0.364063 0.143750 0.364063 0.141667 0.364063 0.147917 0.360938 0.152083 0.359375 0.152083 0.357812 0.150000 0.357812 0.147917 0.354687 0.147917 0.354687 0.150000 0.353125 0.152083 0.353125 0.154167 0.360938 0.154167 0.362500 0.152083 0.364063 0.152083 0.365625 0.154167 0.371875 0.154167 0.373437 0.156250 0.373437 0.160417 0.371875 0.162500 0.370312 0.162500 0.368750 0.164583 0.364063 0.158333 0.364063 0.160417 0.362500 0.162500 0.362500 0.164583 0.360938 0.166667 0.359375 0.166667 0.357812 0.164583 0.356250 0.164583 0.353125 0.168750 0.359375 0.168750 0.360938 0.170833 0.362500 0.170833 0.364063 0.172917 0.362500 0.175000 0.362500 0.181250 0.360938 0.183333 0.357812 0.179167 0.357812 0.177083 0.356250 0.177083 0.353125 0.181250 0.353125 0.187500 0.354687 0.189583 0.354687 0.191667 0.351562 0.195833 0.351562 0.206250 0.350000 0.208333 0.350000 0.214583 0.351562 0.216667 0.353125 0.216667 0.354687 0.218750 0.357812 0.218750 0.359375 0.216667 0.360938 0.216667 0.364063 0.220833 0.362500 0.222917 0.362500 0.233333 0.364063 0.235417 0.364063 0.237500 0.362500 0.239583 0.362500 0.247917 0.360938 0.250000 0.359375 0.247917 0.359375 0.243750 0.357812 0.241667 0.356250 0.241667 0.351562 0.247917 0.345313 0.247917 0.343750 0.245833 0.343750 0.243750 0.342187 0.241667 0.342187 0.239583 0.340625 0.237500 0.339062 0.239583 0.339062 0.241667 0.335938 0.245833 0.335938 0.247917 0.339062 0.252083 0.337500 0.254167 0.334375 0.254167 0.332813 0.256250 0.332813 0.260417 0.334375 0.262500 0.334375 0.264583 0.332813 0.266667 0.332813 0.268750 0.331250 0.270833 0.331250 0.275000 0.334375 0.279167 0.332813 0.281250 0.331250 0.281250 0.331250 0.291667 0.329688 0.293750 0.326562 0.289583 0.326562 0.287500 0.325000 0.285417 0.323437 0.287500 0.317188 0.287500 0.315625 0.289583 0.315625 0.291667 0.314063 0.293750 0.310937 0.289583 0.310937 0.281250 0.312500 0.279167 0.312500 0.277083 0.310937 0.275000 0.310937 0.256250 0.309375 0.254167 0.309375 0.250000 0.310937 0.247917 0.310937 0.241667 0.309375 0.239583 0.309375 0.227083 0.306250 0.231250 0.304688 0.231250 0.306250 0.233333 0.307812 0.233333 0.309375 0.235417 0.306250 0.239583 0.304688 0.239583 0.303125 0.241667 0.301563 0.241667 0.301563 0.243750 0.304688 0.247917 0.307812 0.247917 0.309375 0.250000 0.309375 0.252083 0.307812 0.254167 0.307812 0.258333 0.306250 0.260417 0.304688 0.260417 0.303125 0.258333 0.303125 0.256250 0.301563 0.256250 0.301563 0.258333 0.298438 0.262500 0.296875 0.262500 0.295312 0.260417 0.295312 0.256250 0.292187 0.256250 0.292187 0.260417 0.290625 0.262500 0.287500 0.258333 0.287500 0.256250 0.285938 0.256250 0.284375 0.258333 0.284375 0.260417 0.282813 0.262500 0.281250 0.262500 0.279687 0.260417 0.279687 0.256250 0.278125 0.256250 0.278125 0.258333 0.275000 0.262500 0.273438 0.262500 0.271875 0.260417 0.271875 0.256250 0.270313 0.256250 0.270313 0.258333 0.267188 0.262500 0.265625 0.262500 0.262500 0.258333 0.262500 0.260417 0.260937 0.262500 0.259375 0.262500 0.260937 0.262500 0.262500 0.264583 0.262500 0.266667 0.264062 0.266667 0.265625 0.264583 0.267188 0.264583 0.270313 0.260417 0.271875 0.260417 0.273438 0.262500 0.273438 0.264583 0.275000 0.264583 0.276562 0.266667 0.275000 0.268750 0.271875 0.268750 0.270313 0.266667 0.271875 0.268750 0.268750 0.272917 0.268750 0.275000 0.267188 0.277083 0.265625 0.277083 0.264062 0.275000 0.264062 0.272917 0.262500 0.272917 0.262500 0.277083 0.264062 0.277083 0.265625 0.279167 0.267188 0.279167 0.268750 0.277083 0.273438 0.277083 0.275000 0.279167 0.279687 0.279167 0.279687 0.264583 0.281250 0.262500 0.284375 0.262500 0.285938 0.260417 0.287500 0.262500 0.289062 0.262500 0.290625 0.264583 0.292187 0.264583 0.293750 0.266667 0.293750 0.268750 0.292187 0.270833 0.290625 0.270833 0.292187 0.272917 0.292187 0.275000 0.290625 0.277083 0.290625 0.279167 0.295312 0.279167 0.296875 0.277083 0.295312 0.275000 0.295312 0.270833 0.293750 0.268750 0.293750 0.266667 0.296875 0.262500 0.300000 0.262500 0.301563 0.260417 0.303125 0.262500 0.303125 0.264583 0.306250 0.264583 0.307812 0.266667 0.306250 0.268750 0.303125 0.268750 0.303125 0.270833 0.301563 0.272917 0.300000 0.272917 0.300000 0.277083 0.301563 0.277083 0.303125 0.279167 0.304688 0.279167 0.306250 0.281250 0.306250 0.283333 0.303125 0.287500 0.301563 0.287500 0.300000 0.289583 0.300000 0.291667 0.298438 0.293750 0.296875 0.293750 0.295312 0.291667 0.295312 0.289583 0.293750 0.289583 0.293750 0.291667 0.292187 0.293750 0.290625 0.293750 0.298438 0.293750 0.300000 0.291667 0.301563 0.291667 0.303125 0.293750 0.303125 0.295833 0.304688 0.295833 0.306250 0.297917 0.304688 0.300000 0.303125 0.300000 0.303125 0.302083 0.301563 0.304167 0.301563 0.306250 0.304688 0.310417 0.312500 0.310417 0.314063 0.312500 0.314063 0.316667 0.315625 0.316667 0.317188 0.318750 0.317188 0.322917 0.318750 0.325000 0.317188 0.327083 0.315625 0.327083 0.314063 0.325000 0.310937 0.325000 0.309375 0.322917 0.307812 0.325000 0.306250 0.325000 0.306250 0.327083 0.307812 0.329167 0.306250 0.331250 0.304688 0.331250 0.303125 0.329167 0.301563 0.329167 0.300000 0.331250 0.300000 0.335417 0.298438 0.337500 0.295312 0.333333 0.293750 0.333333 0.292187 0.335417 0.290625 0.335417 0.289062 0.337500 0.285938 0.337500 0.287500 0.339583 0.284375 0.343750 0.282813 0.343750 0.282813 0.345833 0.281250 0.347917 0.282813 0.347917 0.285938 0.352083 0.282813 0.356250 0.281250 0.356250 0.281250 0.358333 0.282813 0.360417 0.281250 0.362500 0.281250 0.364583 0.284375 0.364583 0.285938 0.366667 0.287500 0.364583 0.290625 0.364583 0.292187 0.366667 0.292187 0.368750 0.287500 0.375000 0.285938 0.375000 0.284375 0.372917 0.281250 0.372917 0.278125 0.368750 0.278125 0.366667 0.278125 0.372917 0.279687 0.372917 0.281250 0.375000 0.281250 0.377083 0.279687 0.379167 0.279687 0.381250 0.278125 0.383333 0.279687 0.385417 0.279687 0.395833 0.278125 0.397917 0.278125 0.400000 0.275000 0.404167 0.276562 0.402083 0.279687 0.402083 0.281250 0.404167 0.295312 0.404167 0.298438 0.408333 0.295312 0.412500 0.293750 0.412500 0.292187 0.414583 0.290625 0.414583 0.289062 0.416667 0.289062 0.420833 0.292187 0.420833 0.293750 0.422917 0.289062 0.429167 0.287500 0.429167 0.287500 0.431250 0.285938 0.433333 0.285938 0.435417 0.282813 0.439583 0.279687 0.435417 0.279687 0.431250 0.278125 0.429167 0.275000 0.433333 0.273438 0.433333 0.273438 0.435417 0.275000 0.437500 0.270313 0.443750 0.270313 0.447917 0.271875 0.450000 0.271875 0.452083 0.270313 0.454167 0.270313 0.456250 0.268750 0.458333 0.268750 0.464583 0.267188 0.466667 0.264062 0.462500 0.264062 0.460417 0.265625 0.458333 0.264062 0.456250 0.264062 0.454167 0.265625 0.452083 0.265625 0.450000 0.264062 0.447917 0.264062 0.437500 0.262500 0.437500 0.260937 0.439583 0.260937 0.447917 0.259375 0.450000 0.257812 0.450000 0.259375 0.452083 0.260937 0.452083 0.262500 0.454167 0.260937 0.456250 0.260937 0.462500 0.259375 0.464583 0.257812 0.464583 0.257812 0.466667 0.260937 0.466667 0.262500 0.468750 0.262500 0.472917 0.260937 0.475000 0.260937 0.479167 0.259375 0.481250 0.257812 0.481250 0.254688 0.485417 0.253125 0.485417 0.253125 0.493750 0.251563 0.495833 0.250000 0.493750 0.250000 0.481250 0.248438 0.479167 0.248438 0.475000 0.250000 0.472917 0.248438 0.470833 0.248438 0.468750 0.250000 0.466667 0.248438 0.464583 0.248438 0.460417 0.250000 0.458333 0.250000 0.450000 0.248438 0.447917 0.248438 0.443750 0.250000 0.441667 0.250000 0.439583 0.246875 0.435417 0.246875 0.429167 0.246875 0.431250 0.243750 0.435417 0.242188 0.435417 0.240625 0.437500 0.237500 0.437500 0.235937 0.435417 0.234375 0.435417 0.232813 0.437500 0.229687 0.437500 0.228125 0.439583 0.226562 0.437500 0.220312 0.437500 0.220312 0.445833 0.218750 0.447917 0.218750 0.452083 0.220312 0.454167 0.220312 0.464583 0.218750 0.466667 0.220312 0.468750 0.220312 0.477083 0.218750 0.479167 0.218750 0.483333 0.220312 0.483333 0.221875 0.485417 0.220312 0.487500 0.220312 0.489583 0.221875 0.491667 0.221875 0.493750 0.220312 0.495833 0.220312 0.500000 0.221875 0.502083 0.220312 0.504167 0.221875 0.506250 0.221875 0.510417 0.220312 0.512500 0.218750 0.512500 0.220312 0.514583 0.220312 0.520833 0.221875 0.522917 0.221875 0.525000 0.220312 0.527083 0.218750 0.527083 0.218750 0.529167 0.220312 0.529167 0.221875 0.531250 0.221875 0.541667 0.220312 0.543750 0.218750 0.543750 0.221875 0.547917 0.220312 0.550000 0.220312 0.552083 0.221875 0.554167 0.221875 0.556250 0.220312 0.558333 0.218750 0.558333 0.218750 0.560417 0.220312 0.562500 0.220312 0.568750 0.221875 0.570833 0.220312 0.572917 0.218750 0.572917 0.218750 0.583333 0.217188 0.585417 0.215625 0.585417 0.212500 0.589583 0.212500 0.591667 0.214062 0.591667 0.215625 0.589583 0.218750 0.593750 0.218750 0.597917 0.215625 0.602083 0.214062 0.602083 0.210938 0.606250 0.212500 0.608333 0.212500 0.610417 0.210938 0.612500 0.210938 0.614583 0.209375 0.616667 0.209375 0.618750 0.207813 0.620833 0.209375 0.622917 0.209375 0.625000 0.204687 0.631250 0.203125 0.631250 0.201563 0.629167 0.200000 0.629167 0.195312 0.635417 0.195312 0.639583 0.196875 0.641667 0.195312 0.643750 0.192188 0.643750 0.192188 0.647917 0.189062 0.652083 0.187500 0.652083 0.185938 0.650000 0.184375 0.650000 0.184375 0.652083 0.182812 0.654167 0.179688 0.654167 0.178125 0.656250 0.153125 0.656250 0.151562 0.658333 0.140625 0.658333 0.139063 0.656250 0.137500 0.656250 0.134375 0.660417 0.132812 0.660417 0.131250 0.658333 0.129688 0.658333 0.131250 0.660417 0.128125 0.664583 0.129688 0.666667 0.131250 0.666667 0.132812 0.668750 0.129688 0.672917 0.129688 0.677083 0.128125 0.679167 0.128125 0.681250 0.126562 0.683333 0.125000 0.683333 0.123438 0.681250 0.123438 0.679167 0.121875 0.679167 0.121875 0.681250 0.120313 0.683333 0.118750 0.683333 0.118750 0.685417 0.120313 0.685417 0.121875 0.687500 0.121875 0.689583 0.123438 0.691667 0.121875 0.693750 0.121875 0.695833 0.118750 0.700000 0.117188 0.700000 0.118750 0.700000 0.121875 0.704167 0.121875 0.706250 0.120313 0.708333 0.118750 0.708333 0.117188 0.710417 0.114062 0.710417 0.114062 0.712500 0.118750 0.718750 0.120313 0.718750 0.121875 0.720833 0.118750 0.725000 0.114062 0.725000 0.112500 0.727083 0.112500 0.729167 0.110937 0.731250 0.109375 0.729167 0.109375 0.727083 0.107813 0.725000 0.107813 0.718750 0.109375 0.716667 0.106250 0.712500 0.106250 0.720833 0.104688 0.722917 0.104688 0.727083 0.103125 0.729167 0.098437 0.722917 0.098437 0.720833 0.098437 0.727083 0.095312 0.731250 0.092188 0.727083 0.092188 0.725000 0.090625 0.722917 0.090625 0.725000 0.087500 0.729167 0.085938 0.729167 0.084375 0.727083 0.082812 0.727083 0.082812 0.729167 0.081250 0.731250 0.078125 0.731250 0.075000 0.727083 0.075000 0.729167 0.073438 0.731250 0.071875 0.731250 0.081250 0.731250 0.082812 0.729167 0.085938 0.733333 0.089063 0.733333 0.090625 0.735417 0.089063 0.737500 0.089063 0.741667 0.087500 0.743750 0.085938 0.741667 0.084375 0.741667 0.082812 0.739583 0.082812 0.743750 0.081250 0.745833 0.078125 0.745833 0.075000 0.741667 0.071875 0.745833 0.071875 0.747917 0.073438 0.747917 0.075000 0.750000 0.075000 0.752083 0.073438 0.754167 0.073438 0.756250 0.071875 0.758333 0.070312 0.758333 0.068750 0.756250 0.067187 0.756250 0.067187 0.758333 0.064062 0.762500 0.062500 0.762500 0.064062 0.764583 0.067187 0.764583 0.068750 0.766667 0.065625 0.770833 0.065625 0.772917 0.064062 0.775000 0.062500 0.775000 0.060937 0.772917 0.059375 0.772917 0.057813 0.775000 0.057813 0.777083 0.056250 0.779167 0.056250 0.783333 0.054688 0.785417 0.051562 0.785417 0.051562 0.787500 0.048438 0.791667 0.046875 0.791667 0.045312 0.789583 0.045312 0.781250 0.042188 0.781250 0.042188 0.787500 0.040625 0.789583 0.037500 0.785417 0.039062 0.783333 0.034375 0.783333 0.035937 0.785417 0.035937 0.787500 0.034375 0.789583 0.034375 0.791667 0.032813 0.793750 0.031250 0.793750 0.031250 0.800000 0.032813 0.802083 0.031250 0.804167 0.029687 0.804167 0.028125 0.806250 0.028125 0.808333 0.029687 0.810417 0.039062 0.810417 0.040625 0.812500 0.042188 0.812500 0.043750 0.814583 0.040625 0.818750 0.035937 0.818750 0.034375 0.820833 0.031250 0.820833 0.028125 0.816667 0.025000 0.820833 0.021875 0.820833 0.023438 0.822917 0.023438 0.829167 0.017188 0.837500 0.015625 0.835417 0.014063 0.835417 0.012500 0.833333 0.012500 0.847917 0.010937 0.850000 0.010937 0.852083 0.012500 0.854167 0.012500 0.862500 0.010937 0.864583 0.010937 0.866667 0.009375 0.868750 0.010937 0.870833 0.009375 0.872917 0.007812 0.872917 0.006250 0.875000 0.000000 0.875000 0.000000 0.997917 0.265625 0.997917 0.267188 0.995833 0.268750 0.997917 0.273438 0.997917 0.275000 0.995833 0.282813 0.995833 0.284375 0.997917 0.293750 0.997917 0.295312 0.995833 0.300000 0.995833 0.301563 0.997917 0.303125 0.997917 0.304688 0.995833 0.310937 0.995833 0.312500 0.997917 0.326562 0.997917 0.328125 0.995833 0.331250 0.995833 0.332813 0.997917 0.334375 0.997917 0.335938 0.995833 0.359375 0.995833 0.360938 0.993750 0.362500 0.995833 0.367188 0.995833 0.368750 0.993750 0.370312 0.995833 0.382812 0.995833 0.384375 0.993750 0.385937 0.995833 0.396875 0.995833 0.398438 0.993750 0.400000 0.993750 0.401562 0.995833 0.428125 0.995833 0.429688 0.993750 0.431250 0.993750 0.432812 0.995833 0.435937 0.995833 0.437500 0.993750 0.440625 0.993750 0.442188 0.995833 0.443750 0.995833 0.445312 0.993750 0.448437 0.993750 0.450000 0.995833 0.451562 0.993750 0.460938 0.993750 0.462500 0.991667 0.464062 0.993750 0.471875 0.993750 0.473438 0.995833 0.475000 0.993750 0.548438 0.993750 0.550000 0.995833 0.553125 0.995833 0.554688 0.993750 0.570312 0.993750 0.570312 0.991667 0.571875 0.989583 0.573438 0.991667 0.573438 0.993750 0.576562 0.993750 0.578125 0.995833 0.584375 0.995833 0.585938 0.993750 0.600000 0.993750 0.601562 0.991667 0.601562 0.989583 0.603125 0.987500 0.604688 0.987500 0.606250 0.989583 0.604688 0.991667 0.604688 0.993750 0.628125 0.993750 0.629687 0.995833 0.631250 0.995833 0.632812 0.993750 0.634375 0.993750 0.635938 0.995833 0.639062 0.995833 0.640625 0.997917 0.998437 0.997917 0.998437 0.000000 0.656250 0.000000 0.653125 0.004167 0.651563 0.002083 0.648438 0.002083 0.646875 0.004167 0.642188 0.004167 0.640625 0.002083 0.631250 0.002083 0.629687 0.004167 0.628125 0.004167 0.626563 0.002083 0.625000 0.002083 0.623437 0.000000 0.607812 0.000000 0.606250 0.002083 0.598437 0.002083 0.596875 0.004167 0.595313 0.004167 0.592187 0.000000 0.393750 0.000000 0.392188 0.002083 0.390625 0.000000 
