rock_12 0.740625 0.962500 0.743750 0.966667 0.745313 0.964583 0.745313 0.962500 
rock_12 0.804688 0.891667 0.806250 0.893750 0.806250 0.891667 
rock_12 0.353125 0.872917 0.350000 0.877083 0.350000 0.879167 0.351562 0.881250 0.354687 0.881250 0.356250 0.883333 0.356250 0.885417 0.354687 0.887500 0.353125 0.887500 0.356250 0.891667 0.356250 0.895833 0.357812 0.897917 0.360938 0.897917 0.362500 0.900000 0.360938 0.902083 0.356250 0.902083 0.354687 0.904167 0.357812 0.904167 0.359375 0.906250 0.359375 0.908333 0.357812 0.910417 0.354687 0.910417 0.356250 0.912500 0.357812 0.912500 0.359375 0.910417 0.360938 0.910417 0.364063 0.914583 0.367188 0.910417 0.365625 0.908333 0.365625 0.906250 0.367188 0.904167 0.368750 0.904167 0.365625 0.900000 0.365625 0.897917 0.367188 0.895833 0.367188 0.893750 0.365625 0.891667 0.368750 0.887500 0.370312 0.887500 0.367188 0.887500 0.365625 0.885417 0.365625 0.883333 0.367188 0.881250 0.368750 0.881250 0.370312 0.879167 0.371875 0.879167 0.368750 0.879167 0.365625 0.875000 0.357812 0.875000 0.356250 0.872917 
rock_12 0.835938 0.860417 0.834375 0.862500 0.832812 0.862500 0.832812 0.864583 0.843750 0.864583 0.843750 0.862500 0.840625 0.862500 0.839063 0.860417 
rock_12 0.346875 0.860417 0.345313 0.862500 0.340625 0.862500 0.339062 0.864583 0.340625 0.866667 0.342187 0.864583 0.348438 0.864583 0.350000 0.862500 0.350000 0.860417 
rock_12 0.353125 0.856250 0.353125 0.858333 0.356250 0.858333 0.356250 0.856250 
rock_12 0.317188 0.843750 0.315625 0.845833 0.309375 0.845833 0.307812 0.847917 0.304688 0.847917 0.303125 0.845833 0.301563 0.845833 0.303125 0.847917 0.307812 0.847917 0.309375 0.850000 0.310937 0.850000 0.312500 0.847917 0.315625 0.847917 0.317188 0.850000 0.318750 0.847917 0.317188 0.845833 
rock_12 0.882812 0.833333 0.885938 0.833333 0.887500 0.835417 0.889062 0.833333 
rock_12 0.900000 0.831250 0.900000 0.833333 0.901563 0.833333 
rock_12 0.512500 0.741667 0.510938 0.743750 0.512500 0.745833 0.514062 0.743750 
rock_12 0.189062 0.720833 0.189062 0.725000 0.190625 0.722917 0.190625 0.720833 
rock_12 0.203125 0.714583 0.204687 0.716667 0.209375 0.716667 0.209375 0.714583 
rock_12 0.559375 0.697917 0.559375 0.702083 0.560937 0.702083 0.560937 0.700000 
rock_12 0.170313 0.689583 0.168750 0.691667 0.168750 0.695833 0.168750 0.693750 0.170313 0.691667 
rock_12 0.190625 0.687500 0.190625 0.689583 0.192188 0.691667 0.192188 0.697917 0.193750 0.695833 0.192188 0.693750 0.192188 0.689583 0.193750 0.687500 
rock_12 0.173437 0.687500 0.173437 0.689583 0.176563 0.693750 0.176563 0.697917 0.176563 0.695833 0.178125 0.693750 0.178125 0.687500 
rock_12 0.207813 0.679167 0.207813 0.681250 0.206250 0.683333 0.209375 0.683333 0.209375 0.681250 
rock_12 0.168750 0.679167 0.168750 0.683333 0.170313 0.681250 
rock_12 0.200000 0.672917 0.200000 0.681250 0.201563 0.681250 0.201563 0.679167 0.200000 0.677083 0.200000 0.675000 0.201563 0.672917 
rock_12 0.176563 0.664583 0.176563 0.666667 0.178125 0.664583 
rock_12 0.168750 0.664583 0.168750 0.666667 0.171875 0.670833 0.173437 0.668750 0.171875 0.668750 
rock_12 0.159375 0.656250 0.157812 0.658333 0.157812 0.662500 0.159375 0.662500 0.160938 0.664583 0.160938 0.666667 0.159375 0.668750 0.157812 0.668750 0.157812 0.670833 0.159375 0.670833 0.160938 0.672917 0.160938 0.675000 0.160938 0.670833 0.159375 0.668750 0.160938 0.666667 0.160938 0.656250 
rock_12 0.167187 0.647917 0.167187 0.652083 0.170313 0.652083 0.170313 0.650000 0.168750 0.647917 
rock_12 0.012500 0.643750 0.012500 0.645833 0.014063 0.645833 
rock_12 0.004687 0.643750 0.003125 0.645833 0.004687 0.647917 0.006250 0.645833 
rock_12 0.012500 0.604167 0.009375 0.608333 0.009375 0.610417 0.007812 0.612500 0.007812 0.614583 0.009375 0.616667 0.014063 0.616667 0.015625 0.614583 0.015625 0.612500 0.017188 0.610417 0.014063 0.606250 0.014063 0.604167 
rock_12 0.206250 0.547917 0.206250 0.550000 0.207813 0.552083 0.207813 0.547917 
rock_12 0.175000 0.547917 0.176563 0.550000 0.176563 0.552083 0.176563 0.550000 0.178125 0.547917 
rock_12 0.095312 0.545833 0.095312 0.547917 0.093750 0.550000 0.093750 0.552083 0.095312 0.554167 0.098437 0.554167 0.100000 0.552083 0.100000 0.547917 0.098437 0.547917 0.096875 0.545833 
rock_12 0.167187 0.539583 0.168750 0.541667 0.170313 0.539583 
rock_12 0.153125 0.537500 0.151562 0.539583 0.143750 0.539583 0.142187 0.541667 0.140625 0.539583 0.135937 0.539583 0.134375 0.541667 0.132812 0.541667 0.132812 0.543750 0.154688 0.543750 0.154688 0.539583 
rock_12 0.184375 0.522917 0.184375 0.525000 0.185938 0.525000 
rock_12 0.190625 0.516667 0.192188 0.518750 0.192188 0.522917 0.190625 0.525000 0.192188 0.527083 0.193750 0.527083 0.193750 0.516667 
rock_12 0.156250 0.516667 0.156250 0.520833 0.154688 0.522917 0.143750 0.522917 0.142187 0.525000 0.134375 0.525000 0.132812 0.527083 0.131250 0.527083 0.132812 0.529167 0.156250 0.529167 0.157812 0.531250 0.160938 0.531250 0.162500 0.529167 0.173437 0.529167 0.175000 0.527083 0.176563 0.527083 0.178125 0.525000 0.176563 0.522917 0.175000 0.522917 0.173437 0.525000 0.171875 0.522917 0.164062 0.522917 0.162500 0.520833 0.162500 0.518750 0.160938 0.516667 
rock_12 0.207813 0.514583 0.206250 0.516667 0.204687 0.516667 0.204687 0.518750 0.203125 0.520833 0.204687 0.520833 0.206250 0.522917 0.206250 0.529167 0.204687 0.531250 0.204687 0.533333 0.207813 0.537500 0.207813 0.539583 0.207813 0.531250 0.209375 0.529167 0.209375 0.522917 0.207813 0.520833 
rock_12 0.550000 0.487500 0.548438 0.489583 0.553125 0.489583 0.553125 0.487500 
rock_12 0.550000 0.472917 0.551562 0.475000 0.553125 0.475000 0.553125 0.472917 
rock_12 0.532813 0.472917 0.534375 0.472917 0.535937 0.475000 0.537500 0.472917 
rock_12 0.557813 0.464583 0.557813 0.466667 0.559375 0.466667 0.559375 0.464583 
rock_12 0.550000 0.458333 0.551562 0.460417 0.553125 0.458333 
rock_12 0.534375 0.456250 0.534375 0.458333 0.537500 0.458333 0.537500 0.456250 
rock_12 0.548438 0.439583 0.546875 0.441667 0.545312 0.441667 0.546875 0.443750 0.553125 0.443750 0.554688 0.441667 0.551562 0.441667 0.550000 0.439583 
rock_12 0.651563 0.433333 0.653125 0.435417 0.653125 0.433333 
rock_12 0.614062 0.425000 0.612500 0.427083 0.614062 0.427083 
rock_12 0.567187 0.425000 0.565625 0.427083 0.568750 0.427083 
rock_12 0.504687 0.425000 0.503125 0.427083 0.506250 0.427083 
rock_12 0.992188 0.422917 0.992188 0.425000 0.990625 0.427083 0.992188 0.429167 0.992188 0.431250 0.993750 0.431250 0.995313 0.433333 0.995313 0.435417 0.993750 0.437500 0.989062 0.437500 0.987500 0.439583 0.987500 0.443750 0.985938 0.445833 0.987500 0.447917 0.987500 0.464583 0.992188 0.464583 0.993750 0.462500 0.995313 0.464583 0.996875 0.464583 0.998437 0.466667 0.998437 0.422917 
rock_12 0.998437 0.408333 0.996875 0.410417 0.996875 0.412500 0.998437 0.412500 
rock_12 0.512500 0.381250 0.512500 0.383333 0.510938 0.385417 0.510938 0.387500 0.514062 0.387500 0.514062 0.381250 
rock_12 0.535937 0.379167 0.535937 0.381250 0.537500 0.379167 
rock_12 0.550000 0.377083 0.548438 0.379167 0.546875 0.379167 0.545312 0.381250 0.543750 0.381250 0.543750 0.383333 0.540625 0.387500 0.535937 0.387500 0.532813 0.391667 0.531250 0.389583 0.531250 0.387500 0.529687 0.385417 0.529687 0.379167 0.528125 0.379167 0.525000 0.383333 0.523438 0.383333 0.520312 0.379167 0.520312 0.381250 0.521875 0.381250 0.523438 0.383333 0.521875 0.385417 0.520312 0.385417 0.518750 0.387500 0.518750 0.389583 0.517188 0.391667 0.517188 0.393750 0.515625 0.395833 0.518750 0.400000 0.518750 0.404167 0.517188 0.406250 0.517188 0.412500 0.518750 0.414583 0.518750 0.420833 0.517188 0.422917 0.517188 0.425000 0.515625 0.427083 0.514062 0.427083 0.518750 0.427083 0.520312 0.429167 0.521875 0.429167 0.523438 0.427083 0.525000 0.427083 0.528125 0.431250 0.526563 0.433333 0.520312 0.433333 0.526563 0.433333 0.528125 0.435417 0.529687 0.433333 0.528125 0.431250 0.531250 0.427083 0.531250 0.425000 0.526563 0.425000 0.525000 0.427083 0.523438 0.425000 0.521875 0.425000 0.520312 0.422917 0.521875 0.420833 0.529687 0.420833 0.531250 0.418750 0.529687 0.416667 0.529687 0.414583 0.532813 0.410417 0.534375 0.412500 0.535937 0.412500 0.537500 0.414583 0.535937 0.416667 0.535937 0.418750 0.537500 0.420833 0.546875 0.420833 0.546875 0.414583 0.548438 0.412500 0.550000 0.414583 0.550000 0.420833 0.551562 0.422917 0.550000 0.425000 0.542188 0.425000 0.540625 0.427083 0.539062 0.427083 0.537500 0.425000 0.535937 0.425000 0.534375 0.427083 0.542188 0.427083 0.543750 0.429167 0.545312 0.429167 0.546875 0.427083 0.557813 0.427083 0.559375 0.429167 0.560937 0.427083 0.559375 0.425000 0.554688 0.425000 0.553125 0.422917 0.554688 0.420833 0.557813 0.420833 0.559375 0.418750 0.559375 0.414583 0.560937 0.412500 0.560937 0.410417 0.556250 0.410417 0.554688 0.408333 0.546875 0.408333 0.546875 0.410417 0.545312 0.412500 0.542188 0.412500 0.540625 0.414583 0.539062 0.412500 0.539062 0.410417 0.537500 0.408333 0.532813 0.408333 0.529687 0.404167 0.529687 0.400000 0.532813 0.395833 0.542188 0.395833 0.543750 0.397917 0.545312 0.395833 0.553125 0.395833 0.553125 0.393750 0.551562 0.391667 0.551562 0.387500 0.551562 0.389583 0.550000 0.391667 0.546875 0.391667 0.545312 0.389583 0.545312 0.385417 0.543750 0.383333 0.545312 0.381250 0.551562 0.381250 0.553125 0.379167 0.551562 0.377083 
rock_12 0.550000 0.370833 0.550000 0.372917 0.553125 0.372917 0.553125 0.370833 
rock_12 0.528125 0.368750 0.526563 0.370833 0.521875 0.370833 0.521875 0.372917 0.523438 0.370833 0.525000 0.370833 0.526563 0.372917 0.529687 0.372917 0.529687 0.370833 
rock_12 0.550000 0.364583 0.551562 0.366667 0.553125 0.364583 
rock_12 0.543750 0.364583 0.543750 0.368750 0.542188 0.370833 0.537500 0.370833 0.535937 0.372917 0.545312 0.372917 0.546875 0.370833 0.545312 0.368750 0.545312 0.366667 
rock_12 0.109375 0.000000 0.109375 0.002083 0.107813 0.004167 0.107813 0.006250 0.109375 0.008333 0.109375 0.018750 0.107813 0.020833 0.109375 0.022917 0.109375 0.027083 0.107813 0.029167 0.107813 0.031250 0.106250 0.033333 0.106250 0.045833 0.104688 0.047917 0.104688 0.056250 0.106250 0.058333 0.106250 0.060417 0.104688 0.062500 0.104688 0.072917 0.106250 0.075000 0.104688 0.077083 0.104688 0.087500 0.106250 0.089583 0.106250 0.091667 0.104688 0.093750 0.104688 0.100000 0.106250 0.102083 0.106250 0.108333 0.104688 0.110417 0.104688 0.116667 0.106250 0.118750 0.106250 0.125000 0.104688 0.127083 0.104688 0.129167 0.106250 0.131250 0.106250 0.135417 0.107813 0.137500 0.106250 0.139583 0.106250 0.154167 0.107813 0.156250 0.107813 0.162500 0.109375 0.164583 0.109375 0.170833 0.107813 0.172917 0.107813 0.177083 0.109375 0.179167 0.109375 0.185417 0.107813 0.187500 0.107813 0.191667 0.106250 0.193750 0.106250 0.204167 0.104688 0.206250 0.104688 0.208333 0.107813 0.212500 0.107813 0.216667 0.106250 0.218750 0.098437 0.218750 0.098437 0.220833 0.096875 0.222917 0.096875 0.225000 0.095312 0.227083 0.093750 0.227083 0.092188 0.229167 0.093750 0.231250 0.093750 0.241667 0.092188 0.243750 0.092188 0.247917 0.090625 0.250000 0.090625 0.256250 0.092188 0.258333 0.092188 0.262500 0.090625 0.264583 0.090625 0.266667 0.089063 0.268750 0.089063 0.275000 0.090625 0.277083 0.089063 0.279167 0.089063 0.281250 0.085938 0.285417 0.087500 0.287500 0.090625 0.287500 0.092188 0.289583 0.092188 0.291667 0.093750 0.293750 0.092188 0.295833 0.084375 0.295833 0.082812 0.297917 0.082812 0.304167 0.089063 0.304167 0.090625 0.306250 0.090625 0.308333 0.087500 0.312500 0.084375 0.308333 0.082812 0.308333 0.082812 0.318750 0.081250 0.320833 0.081250 0.325000 0.079687 0.327083 0.079687 0.329167 0.078125 0.331250 0.078125 0.339583 0.076563 0.341667 0.076563 0.343750 0.075000 0.345833 0.075000 0.356250 0.073438 0.358333 0.073438 0.362500 0.071875 0.364583 0.073438 0.366667 0.075000 0.366667 0.078125 0.370833 0.075000 0.375000 0.073438 0.375000 0.071875 0.377083 0.068750 0.377083 0.068750 0.379167 0.067187 0.381250 0.067187 0.389583 0.065625 0.391667 0.065625 0.402083 0.064062 0.404167 0.062500 0.404167 0.060937 0.406250 0.059375 0.406250 0.059375 0.418750 0.056250 0.422917 0.056250 0.429167 0.059375 0.433333 0.056250 0.437500 0.054688 0.437500 0.054688 0.443750 0.053125 0.445833 0.053125 0.450000 0.051562 0.452083 0.051562 0.460417 0.050000 0.462500 0.050000 0.466667 0.048438 0.468750 0.046875 0.468750 0.046875 0.470833 0.045312 0.472917 0.045312 0.475000 0.046875 0.477083 0.046875 0.479167 0.043750 0.483333 0.043750 0.485417 0.042188 0.487500 0.042188 0.497917 0.040625 0.500000 0.040625 0.502083 0.039062 0.504167 0.039062 0.510417 0.035937 0.514583 0.035937 0.518750 0.034375 0.520833 0.034375 0.527083 0.029687 0.533333 0.029687 0.537500 0.028125 0.539583 0.028125 0.552083 0.026562 0.554167 0.026562 0.560417 0.025000 0.562500 0.025000 0.575000 0.023438 0.577083 0.023438 0.579167 0.021875 0.581250 0.021875 0.583333 0.020313 0.585417 0.020313 0.589583 0.018750 0.591667 0.018750 0.593750 0.017188 0.595833 0.015625 0.595833 0.014063 0.597917 0.014063 0.600000 0.021875 0.600000 0.021875 0.593750 0.026562 0.587500 0.028125 0.587500 0.031250 0.591667 0.031250 0.604167 0.032813 0.606250 0.031250 0.608333 0.031250 0.618750 0.032813 0.620833 0.032813 0.629167 0.031250 0.631250 0.031250 0.643750 0.029687 0.645833 0.028125 0.645833 0.028125 0.647917 0.026562 0.650000 0.025000 0.650000 0.021875 0.645833 0.021875 0.643750 0.023438 0.641667 0.025000 0.641667 0.021875 0.641667 0.020313 0.643750 0.018750 0.643750 0.018750 0.652083 0.021875 0.652083 0.023438 0.650000 0.026562 0.650000 0.029687 0.654167 0.029687 0.658333 0.025000 0.664583 0.023438 0.664583 0.021875 0.662500 0.020313 0.662500 0.018750 0.664583 0.014063 0.664583 0.012500 0.662500 0.010937 0.664583 0.006250 0.664583 0.004687 0.662500 0.004687 0.660417 0.004687 0.662500 0.006250 0.664583 0.006250 0.666667 0.004687 0.668750 0.001563 0.664583 0.000000 0.664583 0.000000 0.666667 0.001563 0.666667 0.003125 0.668750 0.001563 0.670833 0.000000 0.670833 0.000000 0.997917 0.268750 0.997917 0.270313 0.995833 0.271875 0.997917 0.284375 0.997917 0.285938 0.995833 0.287500 0.997917 0.300000 0.997917 0.301563 0.995833 0.303125 0.997917 0.326562 0.997917 0.326562 0.993750 0.328125 0.991667 0.334375 0.991667 0.335938 0.989583 0.339062 0.989583 0.337500 0.987500 0.335938 0.987500 0.332813 0.983333 0.331250 0.983333 0.326562 0.977083 0.328125 0.975000 0.334375 0.975000 0.334375 0.972917 0.332813 0.970833 0.332813 0.968750 0.331250 0.970833 0.329688 0.970833 0.326562 0.966667 0.326562 0.960417 0.328125 0.958333 0.331250 0.958333 0.332813 0.960417 0.334375 0.960417 0.335938 0.958333 0.339062 0.958333 0.340625 0.960417 0.340625 0.962500 0.339062 0.964583 0.340625 0.964583 0.340625 0.954167 0.339062 0.956250 0.337500 0.956250 0.334375 0.952083 0.329688 0.952083 0.328125 0.950000 0.328125 0.943750 0.329688 0.941667 0.331250 0.941667 0.332813 0.943750 0.332813 0.941667 0.329688 0.941667 0.328125 0.939583 0.328125 0.937500 0.329688 0.935417 0.339062 0.935417 0.342187 0.931250 0.342187 0.927083 0.340625 0.927083 0.339062 0.925000 0.337500 0.925000 0.335938 0.922917 0.337500 0.920833 0.337500 0.918750 0.335938 0.918750 0.334375 0.916667 0.334375 0.914583 0.335938 0.912500 0.340625 0.912500 0.340625 0.906250 0.342187 0.904167 0.342187 0.897917 0.343750 0.895833 0.350000 0.895833 0.350000 0.891667 0.346875 0.891667 0.345313 0.893750 0.343750 0.893750 0.342187 0.891667 0.340625 0.891667 0.337500 0.887500 0.335938 0.887500 0.334375 0.885417 0.334375 0.883333 0.337500 0.879167 0.339062 0.879167 0.340625 0.877083 0.339062 0.879167 0.337500 0.879167 0.335938 0.877083 0.331250 0.877083 0.329688 0.879167 0.323437 0.870833 0.320312 0.870833 0.318750 0.868750 0.320312 0.866667 0.323437 0.866667 0.325000 0.864583 0.326562 0.864583 0.326562 0.862500 0.325000 0.860417 0.318750 0.860417 0.317188 0.858333 0.309375 0.858333 0.309375 0.860417 0.307812 0.862500 0.304688 0.862500 0.303125 0.860417 0.301563 0.860417 0.300000 0.862500 0.293750 0.862500 0.292187 0.864583 0.298438 0.864583 0.303125 0.870833 0.301563 0.872917 0.300000 0.872917 0.298438 0.870833 0.295312 0.875000 0.292187 0.875000 0.290625 0.872917 0.289062 0.875000 0.282813 0.875000 0.279687 0.870833 0.279687 0.866667 0.281250 0.864583 0.282813 0.864583 0.279687 0.860417 0.282813 0.856250 0.279687 0.852083 0.282813 0.847917 0.285938 0.852083 0.285938 0.847917 0.287500 0.845833 0.287500 0.843750 0.285938 0.841667 0.287500 0.839583 0.287500 0.835417 0.289062 0.833333 0.289062 0.831250 0.287500 0.829167 0.290625 0.825000 0.292187 0.825000 0.293750 0.822917 0.295312 0.825000 0.298438 0.825000 0.303125 0.831250 0.303125 0.835417 0.306250 0.835417 0.307812 0.837500 0.304688 0.841667 0.309375 0.841667 0.309375 0.837500 0.312500 0.833333 0.321875 0.833333 0.318750 0.829167 0.320312 0.827083 0.323437 0.827083 0.325000 0.825000 0.328125 0.825000 0.326562 0.822917 0.326562 0.820833 0.328125 0.818750 0.329688 0.818750 0.332813 0.822917 0.331250 0.825000 0.331250 0.829167 0.329688 0.831250 0.329688 0.833333 0.331250 0.833333 0.332813 0.835417 0.334375 0.835417 0.335938 0.837500 0.335938 0.841667 0.334375 0.843750 0.332813 0.843750 0.332813 0.845833 0.331250 0.847917 0.337500 0.847917 0.340625 0.852083 0.340625 0.856250 0.340625 0.852083 0.342187 0.850000 0.357812 0.850000 0.359375 0.847917 0.357812 0.845833 0.357812 0.843750 0.359375 0.841667 0.357812 0.839583 0.357812 0.837500 0.360938 0.833333 0.362500 0.833333 0.364063 0.835417 0.365625 0.833333 0.368750 0.833333 0.370312 0.835417 0.370312 0.837500 0.367188 0.841667 0.368750 0.841667 0.371875 0.845833 0.370312 0.847917 0.368750 0.847917 0.371875 0.852083 0.371875 0.854167 0.370312 0.856250 0.368750 0.856250 0.365625 0.860417 0.367188 0.862500 0.367188 0.864583 0.370312 0.868750 0.368750 0.870833 0.368750 0.872917 0.370312 0.872917 0.371875 0.875000 0.373437 0.872917 0.373437 0.870833 0.371875 0.868750 0.375000 0.864583 0.379688 0.864583 0.381250 0.866667 0.382812 0.866667 0.384375 0.868750 0.382812 0.870833 0.382812 0.872917 0.381250 0.875000 0.379688 0.875000 0.379688 0.879167 0.381250 0.881250 0.381250 0.895833 0.382812 0.897917 0.384375 0.897917 0.385937 0.900000 0.382812 0.904167 0.382812 0.906250 0.381250 0.908333 0.381250 0.914583 0.382812 0.916667 0.382812 0.918750 0.379688 0.922917 0.378125 0.922917 0.376563 0.925000 0.375000 0.925000 0.371875 0.920833 0.370312 0.920833 0.368750 0.918750 0.367188 0.918750 0.365625 0.920833 0.364063 0.920833 0.364063 0.922917 0.362500 0.925000 0.362500 0.927083 0.364063 0.929167 0.364063 0.931250 0.367188 0.935417 0.365625 0.937500 0.365625 0.943750 0.367188 0.945833 0.367188 0.950000 0.365625 0.952083 0.365625 0.954167 0.364063 0.956250 0.359375 0.956250 0.357812 0.954167 0.357812 0.950000 0.356250 0.950000 0.354687 0.952083 0.354687 0.956250 0.353125 0.958333 0.353125 0.960417 0.354687 0.962500 0.354687 0.966667 0.353125 0.968750 0.351562 0.968750 0.350000 0.970833 0.350000 0.972917 0.353125 0.977083 0.353125 0.985417 0.351562 0.987500 0.357812 0.995833 0.360938 0.991667 0.362500 0.993750 0.364063 0.993750 0.365625 0.995833 0.365625 0.997917 0.717187 0.997917 0.717187 0.995833 0.720313 0.991667 0.725000 0.991667 0.726562 0.993750 0.731250 0.993750 0.731250 0.991667 0.732812 0.989583 0.732812 0.987500 0.731250 0.985417 0.731250 0.977083 0.734375 0.972917 0.735938 0.972917 0.729688 0.972917 0.728125 0.970833 0.731250 0.966667 0.734375 0.966667 0.734375 0.964583 0.732812 0.962500 0.734375 0.960417 0.734375 0.958333 0.732812 0.956250 0.731250 0.956250 0.729688 0.954167 0.731250 0.952083 0.751563 0.952083 0.753125 0.950000 0.757812 0.950000 0.759375 0.952083 0.760938 0.950000 0.765625 0.950000 0.765625 0.945833 0.767188 0.943750 0.768750 0.945833 0.768750 0.947917 0.771875 0.947917 0.775000 0.943750 0.776563 0.945833 0.778125 0.945833 0.779687 0.947917 0.782813 0.947917 0.784375 0.945833 0.789062 0.945833 0.790625 0.943750 0.793750 0.943750 0.796875 0.939583 0.793750 0.935417 0.790625 0.935417 0.787500 0.931250 0.789062 0.929167 0.793750 0.929167 0.795312 0.927083 0.795312 0.925000 0.793750 0.922917 0.793750 0.914583 0.795312 0.912500 0.795312 0.910417 0.793750 0.908333 0.793750 0.906250 0.795312 0.904167 0.795312 0.900000 0.796875 0.897917 0.796875 0.889583 0.798438 0.887500 0.796875 0.885417 0.796875 0.883333 0.798438 0.881250 0.800000 0.883333 0.801562 0.883333 0.803125 0.881250 0.804688 0.881250 0.806250 0.879167 0.809375 0.879167 0.809375 0.870833 0.810937 0.868750 0.810937 0.866667 0.812500 0.864583 0.820312 0.864583 0.821875 0.862500 0.821875 0.860417 0.814063 0.860417 0.812500 0.858333 0.812500 0.852083 0.814063 0.850000 0.815625 0.850000 0.817187 0.852083 0.818750 0.850000 0.821875 0.850000 0.823438 0.847917 0.826562 0.847917 0.828125 0.850000 0.835938 0.850000 0.837500 0.847917 0.839063 0.850000 0.840625 0.850000 0.842187 0.847917 0.843750 0.847917 0.840625 0.847917 0.839063 0.845833 0.839063 0.843750 0.840625 0.841667 0.843750 0.841667 0.845313 0.843750 0.846875 0.841667 0.848437 0.841667 0.851562 0.845833 0.851562 0.847917 0.853125 0.847917 0.854688 0.850000 0.860938 0.850000 0.862500 0.852083 0.862500 0.854167 0.860938 0.856250 0.868750 0.856250 0.867188 0.854167 0.867188 0.852083 0.868750 0.850000 0.871875 0.854167 0.871875 0.852083 0.873437 0.850000 0.875000 0.850000 0.876563 0.847917 0.878125 0.847917 0.879687 0.850000 0.881250 0.850000 0.882812 0.847917 0.885938 0.847917 0.887500 0.850000 0.889062 0.847917 0.887500 0.845833 0.887500 0.839583 0.885938 0.841667 0.882812 0.841667 0.879687 0.845833 0.878125 0.843750 0.878125 0.841667 0.876563 0.841667 0.875000 0.839583 0.875000 0.835417 0.876563 0.833333 0.878125 0.833333 0.879687 0.835417 0.879687 0.833333 0.876563 0.829167 0.879687 0.825000 0.879687 0.822917 0.884375 0.816667 0.893750 0.816667 0.892188 0.814583 0.881250 0.814583 0.879687 0.812500 0.878125 0.812500 0.876563 0.810417 0.876563 0.808333 0.875000 0.806250 0.876563 0.804167 0.878125 0.804167 0.879687 0.806250 0.884375 0.800000 0.885938 0.802083 0.892188 0.802083 0.895312 0.806250 0.895312 0.808333 0.896875 0.806250 0.896875 0.804167 0.898438 0.802083 0.907813 0.802083 0.910937 0.806250 0.914062 0.802083 0.921875 0.802083 0.921875 0.800000 0.920312 0.797917 0.921875 0.795833 0.923438 0.795833 0.925000 0.793750 0.929688 0.793750 0.931250 0.795833 0.934375 0.791667 0.937500 0.795833 0.940625 0.795833 0.942187 0.793750 0.943750 0.793750 0.945312 0.795833 0.945312 0.797917 0.946875 0.800000 0.948438 0.800000 0.946875 0.797917 0.946875 0.795833 0.945312 0.795833 0.943750 0.793750 0.943750 0.791667 0.946875 0.787500 0.948438 0.787500 0.950000 0.789583 0.953125 0.785417 0.956250 0.785417 0.954688 0.785417 0.953125 0.783333 0.953125 0.781250 0.954688 0.779167 0.957812 0.779167 0.957812 0.777083 0.959375 0.775000 0.959375 0.768750 0.957812 0.766667 0.960938 0.762500 0.960938 0.758333 0.962500 0.756250 0.967187 0.756250 0.968750 0.758333 0.968750 0.764583 0.970313 0.766667 0.970313 0.770833 0.982812 0.770833 0.979688 0.766667 0.981250 0.764583 0.984375 0.764583 0.985938 0.762500 0.990625 0.762500 0.992188 0.760417 0.992188 0.758333 0.993750 0.756250 0.998437 0.756250 0.998437 0.658333 0.995313 0.658333 0.990625 0.652083 0.990625 0.641667 0.993750 0.637500 0.998437 0.637500 0.998437 0.477083 0.982812 0.477083 0.979688 0.481250 0.965625 0.481250 0.967187 0.481250 0.968750 0.483333 0.968750 0.485417 0.967187 0.487500 0.962500 0.487500 0.962500 0.489583 0.960938 0.491667 0.959375 0.491667 0.957812 0.493750 0.954688 0.493750 0.954688 0.495833 0.953125 0.497917 0.953125 0.500000 0.950000 0.504167 0.940625 0.504167 0.940625 0.506250 0.937500 0.510417 0.935937 0.510417 0.934375 0.512500 0.918750 0.512500 0.921875 0.512500 0.923438 0.514583 0.928125 0.514583 0.929688 0.516667 0.928125 0.518750 0.920312 0.518750 0.918750 0.520833 0.912500 0.520833 0.910937 0.522917 0.906250 0.522917 0.904687 0.520833 0.900000 0.520833 0.901563 0.520833 0.904687 0.525000 0.903125 0.527083 0.896875 0.527083 0.895312 0.529167 0.896875 0.529167 0.898438 0.531250 0.896875 0.533333 0.890625 0.533333 0.889062 0.535417 0.884375 0.535417 0.882812 0.537500 0.882812 0.539583 0.881250 0.541667 0.876563 0.541667 0.875000 0.543750 0.875000 0.550000 0.870313 0.556250 0.868750 0.556250 0.867188 0.558333 0.867188 0.560417 0.871875 0.560417 0.873437 0.562500 0.873437 0.564583 0.871875 0.566667 0.870313 0.564583 0.867188 0.564583 0.865625 0.566667 0.857812 0.566667 0.856250 0.564583 0.854688 0.566667 0.851562 0.566667 0.850000 0.568750 0.845313 0.568750 0.843750 0.570833 0.835938 0.570833 0.834375 0.572917 0.831250 0.572917 0.829688 0.570833 0.821875 0.570833 0.817187 0.577083 0.814063 0.577083 0.812500 0.575000 0.807813 0.575000 0.806250 0.577083 0.806250 0.581250 0.803125 0.585417 0.801562 0.585417 0.800000 0.587500 0.798438 0.587500 0.795312 0.591667 0.790625 0.591667 0.789062 0.593750 0.789062 0.595833 0.787500 0.597917 0.787500 0.600000 0.784375 0.604167 0.781250 0.604167 0.779687 0.606250 0.776563 0.606250 0.778125 0.606250 0.781250 0.610417 0.778125 0.614583 0.776563 0.614583 0.775000 0.616667 0.773438 0.616667 0.768750 0.622917 0.767188 0.622917 0.765625 0.620833 0.765625 0.618750 0.762500 0.614583 0.757812 0.620833 0.757812 0.622917 0.754687 0.627083 0.753125 0.625000 0.750000 0.625000 0.748437 0.627083 0.746875 0.627083 0.745313 0.629167 0.737500 0.629167 0.735938 0.627083 0.735938 0.625000 0.737500 0.622917 0.746875 0.622917 0.746875 0.618750 0.745313 0.618750 0.743750 0.620833 0.737500 0.620833 0.735938 0.618750 0.735938 0.616667 0.731250 0.610417 0.731250 0.608333 0.732812 0.606250 0.731250 0.604167 0.731250 0.597917 0.728125 0.593750 0.729688 0.591667 0.728125 0.589583 0.728125 0.587500 0.721875 0.579167 0.725000 0.575000 0.723437 0.572917 0.723437 0.570833 0.725000 0.568750 0.725000 0.566667 0.723437 0.564583 0.723437 0.562500 0.725000 0.560417 0.723437 0.558333 0.723437 0.554167 0.725000 0.552083 0.725000 0.550000 0.723437 0.547917 0.726562 0.543750 0.726562 0.535417 0.725000 0.535417 0.721875 0.531250 0.723437 0.529167 0.725000 0.529167 0.725000 0.527083 0.723437 0.525000 0.725000 0.522917 0.725000 0.518750 0.723437 0.516667 0.723437 0.512500 0.720313 0.508333 0.721875 0.506250 0.721875 0.504167 0.720313 0.502083 0.720313 0.500000 0.715625 0.493750 0.712500 0.493750 0.710938 0.495833 0.709375 0.495833 0.703125 0.504167 0.701562 0.504167 0.698438 0.508333 0.696875 0.508333 0.695312 0.510417 0.695312 0.516667 0.693750 0.518750 0.692187 0.518750 0.685937 0.527083 0.684375 0.527083 0.684375 0.529167 0.685937 0.529167 0.687500 0.531250 0.687500 0.533333 0.682813 0.539583 0.681250 0.539583 0.678125 0.543750 0.681250 0.547917 0.675000 0.556250 0.673438 0.556250 0.670312 0.552083 0.670312 0.550000 0.668750 0.547917 0.670312 0.545833 0.670312 0.543750 0.667188 0.539583 0.668750 0.537500 0.668750 0.535417 0.665625 0.539583 0.664062 0.537500 0.664062 0.535417 0.657813 0.535417 0.654687 0.531250 0.654687 0.527083 0.653125 0.525000 0.653125 0.522917 0.654687 0.520833 0.664062 0.520833 0.664062 0.518750 0.653125 0.518750 0.651563 0.516667 0.653125 0.514583 0.662500 0.514583 0.662500 0.512500 0.656250 0.512500 0.653125 0.508333 0.654687 0.506250 0.662500 0.506250 0.662500 0.504167 0.660937 0.502083 0.660937 0.495833 0.659375 0.495833 0.657813 0.497917 0.656250 0.495833 0.656250 0.491667 0.657813 0.489583 0.659375 0.491667 0.660937 0.491667 0.662500 0.489583 0.662500 0.487500 0.659375 0.487500 0.657813 0.485417 0.656250 0.487500 0.654687 0.487500 0.653125 0.489583 0.650000 0.485417 0.651563 0.483333 0.653125 0.483333 0.654687 0.481250 0.653125 0.479167 0.650000 0.479167 0.648438 0.481250 0.646875 0.481250 0.640625 0.489583 0.639062 0.489583 0.637500 0.491667 0.635938 0.491667 0.632812 0.495833 0.632812 0.497917 0.634375 0.500000 0.634375 0.504167 0.632812 0.506250 0.632812 0.508333 0.631250 0.510417 0.631250 0.514583 0.632812 0.516667 0.632812 0.518750 0.626563 0.527083 0.625000 0.527083 0.625000 0.533333 0.623437 0.535417 0.625000 0.537500 0.625000 0.541667 0.623437 0.543750 0.623437 0.547917 0.621875 0.550000 0.621875 0.552083 0.625000 0.556250 0.623437 0.558333 0.623437 0.579167 0.620313 0.583333 0.620313 0.589583 0.618750 0.591667 0.620313 0.593750 0.618750 0.595833 0.618750 0.612500 0.617188 0.614583 0.618750 0.616667 0.618750 0.620833 0.617188 0.622917 0.617188 0.627083 0.615625 0.629167 0.615625 0.631250 0.617188 0.633333 0.617188 0.637500 0.615625 0.639583 0.615625 0.643750 0.614062 0.645833 0.615625 0.647917 0.615625 0.650000 0.614062 0.652083 0.614062 0.654167 0.612500 0.656250 0.609375 0.656250 0.606250 0.660417 0.604688 0.660417 0.604688 0.662500 0.603125 0.664583 0.598437 0.664583 0.596875 0.666667 0.595313 0.666667 0.593750 0.668750 0.593750 0.670833 0.595313 0.672917 0.593750 0.675000 0.592187 0.675000 0.590625 0.677083 0.590625 0.681250 0.587500 0.685417 0.590625 0.685417 0.592187 0.687500 0.592187 0.689583 0.590625 0.691667 0.587500 0.691667 0.585938 0.689583 0.579688 0.689583 0.573438 0.697917 0.570312 0.697917 0.568750 0.700000 0.567187 0.700000 0.568750 0.702083 0.568750 0.704167 0.567187 0.706250 0.565625 0.706250 0.565625 0.708333 0.564063 0.710417 0.562500 0.708333 0.562500 0.706250 0.559375 0.706250 0.557813 0.708333 0.557813 0.714583 0.554688 0.718750 0.550000 0.718750 0.548438 0.720833 0.548438 0.725000 0.551562 0.725000 0.553125 0.727083 0.553125 0.735417 0.551562 0.737500 0.550000 0.735417 0.550000 0.733333 0.548438 0.731250 0.543750 0.737500 0.543750 0.739583 0.542188 0.741667 0.542188 0.743750 0.532813 0.756250 0.520312 0.756250 0.518750 0.758333 0.515625 0.758333 0.509375 0.750000 0.507812 0.750000 0.501563 0.758333 0.498437 0.754167 0.498437 0.752083 0.496875 0.750000 0.492188 0.750000 0.492188 0.752083 0.490625 0.754167 0.487500 0.754167 0.485938 0.752083 0.484375 0.752083 0.482812 0.754167 0.481250 0.754167 0.478125 0.758333 0.471875 0.758333 0.470313 0.760417 0.467187 0.756250 0.467187 0.754167 0.465625 0.752083 0.464062 0.752083 0.462500 0.750000 0.460938 0.750000 0.459375 0.752083 0.454688 0.752083 0.456250 0.754167 0.454688 0.756250 0.453125 0.756250 0.451562 0.754167 0.450000 0.754167 0.446875 0.758333 0.443750 0.754167 0.442188 0.754167 0.440625 0.752083 0.432812 0.752083 0.431250 0.754167 0.429688 0.752083 0.421875 0.752083 0.420312 0.750000 0.407813 0.750000 0.403125 0.756250 0.401562 0.756250 0.401562 0.758333 0.400000 0.760417 0.396875 0.756250 0.395313 0.756250 0.393750 0.758333 0.393750 0.762500 0.392188 0.764583 0.390625 0.762500 0.390625 0.760417 0.389062 0.758333 0.389062 0.756250 0.387500 0.756250 0.385937 0.758333 0.379688 0.758333 0.382812 0.762500 0.379688 0.766667 0.376563 0.766667 0.373437 0.762500 0.373437 0.758333 0.375000 0.756250 0.375000 0.752083 0.373437 0.750000 0.373437 0.743750 0.376563 0.739583 0.378125 0.739583 0.379688 0.737500 0.379688 0.735417 0.376563 0.735417 0.373437 0.731250 0.373437 0.725000 0.375000 0.722917 0.373437 0.720833 0.373437 0.718750 0.371875 0.718750 0.368750 0.714583 0.367188 0.716667 0.365625 0.716667 0.364063 0.718750 0.359375 0.718750 0.356250 0.714583 0.357812 0.712500 0.357812 0.710417 0.356250 0.710417 0.354687 0.708333 0.354687 0.706250 0.353125 0.704167 0.353125 0.700000 0.350000 0.704167 0.345313 0.704167 0.343750 0.702083 0.343750 0.700000 0.342187 0.697917 0.342187 0.693750 0.340625 0.691667 0.340625 0.687500 0.342187 0.685417 0.342187 0.679167 0.340625 0.677083 0.340625 0.672917 0.337500 0.672917 0.334375 0.668750 0.334375 0.666667 0.332813 0.664583 0.329688 0.668750 0.326562 0.664583 0.326562 0.662500 0.325000 0.660417 0.325000 0.656250 0.326562 0.654167 0.326562 0.650000 0.325000 0.647917 0.323437 0.650000 0.320312 0.650000 0.318750 0.647917 0.318750 0.641667 0.317188 0.641667 0.315625 0.639583 0.314063 0.639583 0.312500 0.637500 0.312500 0.629167 0.310937 0.627083 0.310937 0.625000 0.312500 0.622917 0.314063 0.622917 0.314063 0.620833 0.309375 0.614583 0.309375 0.610417 0.303125 0.602083 0.303125 0.600000 0.301563 0.597917 0.303125 0.595833 0.301563 0.593750 0.300000 0.595833 0.298438 0.595833 0.296875 0.597917 0.293750 0.597917 0.290625 0.593750 0.290625 0.591667 0.289062 0.591667 0.287500 0.589583 0.287500 0.587500 0.285938 0.585417 0.284375 0.585417 0.282813 0.583333 0.279687 0.583333 0.278125 0.585417 0.276562 0.585417 0.275000 0.587500 0.273438 0.585417 0.273438 0.581250 0.271875 0.579167 0.271875 0.572917 0.270313 0.570833 0.267188 0.575000 0.265625 0.572917 0.265625 0.570833 0.264062 0.570833 0.262500 0.568750 0.259375 0.568750 0.257812 0.566667 0.257812 0.564583 0.256250 0.562500 0.253125 0.562500 0.251563 0.564583 0.248438 0.560417 0.248438 0.554167 0.246875 0.552083 0.246875 0.547917 0.245312 0.545833 0.243750 0.545833 0.240625 0.541667 0.240625 0.537500 0.239063 0.535417 0.237500 0.535417 0.237500 0.539583 0.235937 0.541667 0.234375 0.539583 0.234375 0.537500 0.229687 0.537500 0.228125 0.539583 0.226562 0.537500 0.226562 0.533333 0.225000 0.531250 0.225000 0.529167 0.223438 0.527083 0.225000 0.525000 0.223438 0.522917 0.218750 0.529167 0.218750 0.531250 0.215625 0.535417 0.215625 0.539583 0.218750 0.543750 0.218750 0.552083 0.217188 0.554167 0.218750 0.556250 0.218750 0.566667 0.215625 0.570833 0.218750 0.575000 0.218750 0.583333 0.215625 0.587500 0.214062 0.587500 0.212500 0.589583 0.210938 0.587500 0.209375 0.587500 0.207813 0.585417 0.204687 0.589583 0.200000 0.583333 0.196875 0.583333 0.195312 0.581250 0.195312 0.579167 0.190625 0.579167 0.185938 0.585417 0.182812 0.585417 0.181250 0.587500 0.179688 0.585417 0.179688 0.583333 0.178125 0.581250 0.178125 0.579167 0.175000 0.579167 0.173437 0.581250 0.173437 0.591667 0.185938 0.591667 0.189062 0.595833 0.189062 0.597917 0.192188 0.602083 0.192188 0.604167 0.190625 0.606250 0.189062 0.606250 0.190625 0.606250 0.192188 0.608333 0.192188 0.610417 0.192188 0.608333 0.190625 0.606250 0.192188 0.604167 0.193750 0.604167 0.193750 0.593750 0.195312 0.591667 0.217188 0.591667 0.218750 0.593750 0.218750 0.600000 0.217188 0.602083 0.215625 0.602083 0.215625 0.604167 0.217188 0.606250 0.217188 0.612500 0.215625 0.614583 0.215625 0.616667 0.214062 0.618750 0.217188 0.622917 0.217188 0.629167 0.212500 0.635417 0.210938 0.635417 0.207813 0.631250 0.206250 0.633333 0.206250 0.635417 0.204687 0.637500 0.201563 0.633333 0.201563 0.629167 0.200000 0.627083 0.196875 0.627083 0.193750 0.631250 0.192188 0.631250 0.192188 0.635417 0.190625 0.637500 0.189062 0.637500 0.185938 0.633333 0.185938 0.629167 0.184375 0.627083 0.182812 0.629167 0.182812 0.633333 0.181250 0.635417 0.178125 0.631250 0.178125 0.627083 0.176563 0.625000 0.175000 0.627083 0.173437 0.627083 0.173437 0.629167 0.175000 0.631250 0.175000 0.633333 0.181250 0.641667 0.181250 0.643750 0.178125 0.647917 0.176563 0.647917 0.176563 0.652083 0.178125 0.654167 0.184375 0.654167 0.187500 0.658333 0.187500 0.660417 0.190625 0.664583 0.190625 0.666667 0.189062 0.668750 0.187500 0.668750 0.187500 0.672917 0.189062 0.675000 0.189062 0.677083 0.190625 0.677083 0.192188 0.679167 0.192188 0.675000 0.193750 0.672917 0.193750 0.670833 0.195312 0.668750 0.193750 0.666667 0.193750 0.656250 0.195312 0.654167 0.203125 0.654167 0.203125 0.652083 0.201563 0.650000 0.201563 0.647917 0.198437 0.647917 0.196875 0.650000 0.195312 0.650000 0.193750 0.647917 0.192188 0.647917 0.192188 0.650000 0.195312 0.654167 0.193750 0.656250 0.189062 0.656250 0.187500 0.654167 0.187500 0.639583 0.189062 0.637500 0.198437 0.637500 0.200000 0.639583 0.201563 0.637500 0.215625 0.637500 0.218750 0.641667 0.217188 0.643750 0.217188 0.650000 0.215625 0.652083 0.210938 0.652083 0.210938 0.660417 0.209375 0.662500 0.207813 0.662500 0.207813 0.664583 0.204687 0.668750 0.203125 0.668750 0.206250 0.668750 0.207813 0.670833 0.214062 0.670833 0.217188 0.675000 0.217188 0.677083 0.215625 0.679167 0.215625 0.681250 0.217188 0.683333 0.217188 0.685417 0.218750 0.687500 0.217188 0.689583 0.217188 0.693750 0.215625 0.695833 0.215625 0.697917 0.214062 0.700000 0.209375 0.700000 0.214062 0.700000 0.215625 0.697917 0.217188 0.700000 0.217188 0.725000 0.215625 0.727083 0.215625 0.729167 0.214062 0.731250 0.210938 0.731250 0.214062 0.731250 0.215625 0.729167 0.217188 0.731250 0.217188 0.733333 0.218750 0.735417 0.217188 0.737500 0.217188 0.739583 0.215625 0.741667 0.214062 0.739583 0.212500 0.739583 0.214062 0.739583 0.217188 0.743750 0.217188 0.747917 0.215625 0.750000 0.214062 0.747917 0.210938 0.747917 0.209375 0.750000 0.204687 0.750000 0.201563 0.745833 0.201563 0.743750 0.200000 0.741667 0.198437 0.741667 0.196875 0.743750 0.195312 0.741667 0.195312 0.739583 0.193750 0.737500 0.193750 0.735417 0.190625 0.735417 0.189062 0.733333 0.189062 0.735417 0.184375 0.741667 0.179688 0.735417 0.179688 0.733333 0.176563 0.733333 0.175000 0.731250 0.176563 0.729167 0.178125 0.729167 0.178125 0.727083 0.175000 0.722917 0.179688 0.716667 0.181250 0.716667 0.184375 0.712500 0.182812 0.714583 0.181250 0.714583 0.178125 0.710417 0.175000 0.710417 0.173437 0.712500 0.170313 0.712500 0.170313 0.714583 0.173437 0.718750 0.173437 0.720833 0.170313 0.725000 0.168750 0.725000 0.165625 0.729167 0.160938 0.722917 0.160938 0.720833 0.164062 0.716667 0.165625 0.716667 0.165625 0.714583 0.162500 0.710417 0.162500 0.706250 0.165625 0.702083 0.168750 0.706250 0.170313 0.706250 0.170313 0.704167 0.168750 0.702083 0.167187 0.702083 0.165625 0.700000 0.164062 0.700000 0.162500 0.697917 0.162500 0.681250 0.160938 0.679167 0.159375 0.679167 0.159375 0.681250 0.157812 0.683333 0.157812 0.693750 0.159375 0.695833 0.159375 0.697917 0.157812 0.700000 0.157812 0.702083 0.156250 0.704167 0.156250 0.708333 0.154688 0.710417 0.153125 0.710417 0.153125 0.712500 0.156250 0.716667 0.156250 0.722917 0.153125 0.727083 0.151562 0.727083 0.151562 0.729167 0.150000 0.731250 0.148438 0.731250 0.146875 0.729167 0.146875 0.725000 0.145313 0.722917 0.146875 0.720833 0.146875 0.718750 0.145313 0.716667 0.146875 0.714583 0.146875 0.710417 0.145313 0.708333 0.145313 0.706250 0.146875 0.704167 0.143750 0.704167 0.142187 0.706250 0.142187 0.708333 0.143750 0.710417 0.143750 0.714583 0.140625 0.718750 0.137500 0.718750 0.135937 0.720833 0.135937 0.727083 0.134375 0.729167 0.132812 0.727083 0.132812 0.718750 0.129688 0.714583 0.131250 0.712500 0.131250 0.702083 0.132812 0.700000 0.135937 0.700000 0.137500 0.697917 0.139063 0.697917 0.139063 0.695833 0.142187 0.691667 0.143750 0.691667 0.145313 0.689583 0.145313 0.687500 0.146875 0.685417 0.150000 0.685417 0.151562 0.683333 0.150000 0.683333 0.146875 0.679167 0.146875 0.672917 0.140625 0.672917 0.140625 0.675000 0.134375 0.683333 0.131250 0.679167 0.132812 0.677083 0.131250 0.675000 0.131250 0.672917 0.129688 0.670833 0.126562 0.675000 0.123438 0.670833 0.121875 0.670833 0.120313 0.672917 0.117188 0.672917 0.115625 0.670833 0.114062 0.670833 0.112500 0.668750 0.117188 0.662500 0.118750 0.662500 0.121875 0.658333 0.128125 0.658333 0.129688 0.656250 0.131250 0.656250 0.134375 0.652083 0.135937 0.652083 0.135937 0.645833 0.137500 0.643750 0.139063 0.645833 0.139063 0.647917 0.140625 0.650000 0.140625 0.654167 0.142187 0.654167 0.145313 0.658333 0.148438 0.654167 0.156250 0.654167 0.156250 0.647917 0.157812 0.645833 0.160938 0.650000 0.162500 0.650000 0.162500 0.647917 0.164062 0.645833 0.164062 0.643750 0.162500 0.641667 0.164062 0.639583 0.168750 0.639583 0.170313 0.637500 0.171875 0.637500 0.170313 0.635417 0.170313 0.633333 0.168750 0.633333 0.165625 0.637500 0.164062 0.637500 0.162500 0.639583 0.160938 0.639583 0.159375 0.637500 0.160938 0.635417 0.160938 0.625000 0.157812 0.625000 0.157812 0.631250 0.159375 0.631250 0.160938 0.633333 0.160938 0.635417 0.159375 0.637500 0.157812 0.637500 0.154688 0.633333 0.153125 0.633333 0.151562 0.635417 0.148438 0.635417 0.146875 0.633333 0.146875 0.629167 0.148438 0.627083 0.148438 0.625000 0.151562 0.620833 0.153125 0.620833 0.153125 0.618750 0.154688 0.616667 0.154688 0.608333 0.156250 0.606250 0.156250 0.602083 0.157812 0.600000 0.159375 0.600000 0.160938 0.597917 0.160938 0.593750 0.159375 0.591667 0.159375 0.589583 0.160938 0.587500 0.160938 0.581250 0.156250 0.575000 0.156250 0.570833 0.159375 0.566667 0.157812 0.564583 0.157812 0.556250 0.159375 0.554167 0.160938 0.554167 0.160938 0.550000 0.157812 0.550000 0.153125 0.556250 0.151562 0.554167 0.150000 0.554167 0.148438 0.552083 0.143750 0.552083 0.142187 0.554167 0.135937 0.554167 0.134375 0.556250 0.132812 0.556250 0.131250 0.558333 0.129688 0.558333 0.128125 0.560417 0.126562 0.560417 0.121875 0.554167 0.118750 0.558333 0.117188 0.558333 0.117188 0.560417 0.118750 0.560417 0.120313 0.562500 0.120313 0.564583 0.118750 0.566667 0.117188 0.566667 0.115625 0.568750 0.114062 0.568750 0.112500 0.570833 0.104688 0.570833 0.104688 0.572917 0.103125 0.575000 0.104688 0.577083 0.104688 0.579167 0.100000 0.585417 0.098437 0.585417 0.095312 0.589583 0.090625 0.589583 0.090625 0.591667 0.092188 0.593750 0.092188 0.595833 0.087500 0.602083 0.085938 0.602083 0.085938 0.604167 0.084375 0.606250 0.085938 0.608333 0.089063 0.608333 0.090625 0.610417 0.085938 0.616667 0.084375 0.616667 0.081250 0.620833 0.079687 0.620833 0.076563 0.616667 0.076563 0.610417 0.078125 0.608333 0.078125 0.600000 0.079687 0.597917 0.079687 0.593750 0.078125 0.591667 0.078125 0.587500 0.079687 0.585417 0.079687 0.583333 0.081250 0.581250 0.081250 0.579167 0.079687 0.577083 0.079687 0.575000 0.081250 0.572917 0.081250 0.570833 0.082812 0.568750 0.082812 0.564583 0.084375 0.562500 0.082812 0.560417 0.082812 0.558333 0.084375 0.556250 0.084375 0.550000 0.085938 0.547917 0.085938 0.545833 0.084375 0.543750 0.085938 0.541667 0.087500 0.541667 0.087500 0.537500 0.090625 0.533333 0.092188 0.533333 0.095312 0.537500 0.098437 0.537500 0.098437 0.533333 0.095312 0.529167 0.095312 0.520833 0.096875 0.518750 0.096875 0.516667 0.095312 0.514583 0.095312 0.512500 0.096875 0.510417 0.096875 0.508333 0.100000 0.504167 0.100000 0.500000 0.098437 0.497917 0.098437 0.495833 0.100000 0.493750 0.100000 0.489583 0.101562 0.487500 0.101562 0.479167 0.103125 0.477083 0.103125 0.472917 0.104688 0.470833 0.104688 0.462500 0.107813 0.458333 0.107813 0.452083 0.106250 0.450000 0.109375 0.445833 0.109375 0.441667 0.110937 0.439583 0.110937 0.437500 0.109375 0.435417 0.114062 0.429167 0.114062 0.425000 0.115625 0.422917 0.115625 0.416667 0.117188 0.414583 0.117188 0.410417 0.118750 0.408333 0.118750 0.402083 0.120313 0.400000 0.120313 0.397917 0.121875 0.395833 0.121875 0.385417 0.123438 0.383333 0.123438 0.381250 0.125000 0.379167 0.125000 0.375000 0.123438 0.372917 0.123438 0.370833 0.126562 0.366667 0.126562 0.364583 0.129688 0.360417 0.128125 0.358333 0.126562 0.358333 0.125000 0.356250 0.126562 0.354167 0.128125 0.354167 0.129688 0.352083 0.129688 0.350000 0.131250 0.347917 0.131250 0.343750 0.129688 0.341667 0.129688 0.339583 0.131250 0.337500 0.131250 0.333333 0.132812 0.331250 0.132812 0.325000 0.134375 0.322917 0.134375 0.316667 0.135937 0.314583 0.135937 0.312500 0.134375 0.310417 0.134375 0.308333 0.135937 0.306250 0.135937 0.302083 0.137500 0.300000 0.137500 0.277083 0.139063 0.275000 0.139063 0.264583 0.137500 0.262500 0.137500 0.260417 0.139063 0.258333 0.139063 0.256250 0.140625 0.254167 0.140625 0.247917 0.143750 0.243750 0.145313 0.243750 0.145313 0.237500 0.146875 0.235417 0.146875 0.231250 0.150000 0.227083 0.150000 0.225000 0.153125 0.220833 0.153125 0.218750 0.150000 0.218750 0.148438 0.216667 0.148438 0.214583 0.150000 0.212500 0.153125 0.212500 0.153125 0.200000 0.154688 0.197917 0.154688 0.179167 0.156250 0.177083 0.156250 0.172917 0.153125 0.168750 0.154688 0.166667 0.154688 0.154167 0.153125 0.152083 0.154688 0.150000 0.154688 0.091667 0.153125 0.089583 0.153125 0.087500 0.154688 0.085417 0.154688 0.081250 0.153125 0.079167 0.153125 0.070833 0.154688 0.068750 0.154688 0.062500 0.153125 0.060417 0.153125 0.022917 0.154688 0.020833 0.154688 0.016667 0.153125 0.014583 0.153125 0.000000 
