furniture_58 0.584375 0.985417 0.585938 0.987500 0.592187 0.987500 0.593750 0.985417 0.596875 0.985417 
furniture_58 0.570312 0.985417 0.570312 0.987500 0.571875 0.989583 0.573438 0.987500 0.576562 0.987500 0.578125 0.985417 0.581250 0.985417 
furniture_58 0.553125 0.985417 0.554688 0.987500 0.557813 0.987500 0.559375 0.985417 0.562500 0.985417 
furniture_58 0.712500 0.983333 0.710938 0.985417 0.709375 0.985417 0.710938 0.987500 0.710938 0.989583 0.714063 0.989583 0.715625 0.987500 0.718750 0.987500 0.720313 0.985417 0.725000 0.985417 0.728125 0.989583 0.729688 0.987500 0.737500 0.987500 0.739062 0.985417 0.740625 0.987500 0.753125 0.987500 0.754687 0.985417 0.756250 0.987500 0.764062 0.987500 0.765625 0.985417 0.767188 0.985417 0.765625 0.983333 0.757812 0.983333 0.756250 0.985417 0.748437 0.985417 0.746875 0.983333 0.742188 0.983333 0.740625 0.985417 0.737500 0.985417 0.735938 0.983333 0.726562 0.983333 0.725000 0.985417 0.717187 0.985417 0.715625 0.983333 
furniture_58 0.695312 0.983333 0.693750 0.985417 0.695312 0.987500 0.695312 0.989583 0.698438 0.989583 0.700000 0.987500 0.701562 0.987500 0.703125 0.985417 0.704688 0.985417 0.700000 0.985417 0.698438 0.983333 
furniture_58 0.664062 0.983333 0.662500 0.985417 0.646875 0.985417 0.650000 0.989583 0.653125 0.985417 0.654687 0.987500 0.659375 0.987500 0.660937 0.985417 0.662500 0.987500 0.664062 0.987500 0.665625 0.989583 0.667188 0.987500 0.673438 0.987500 0.675000 0.985417 0.676562 0.985417 0.678125 0.987500 0.679688 0.987500 0.681250 0.989583 0.682813 0.989583 0.684375 0.987500 0.685937 0.987500 0.687500 0.985417 0.684375 0.985417 0.682813 0.983333 0.679688 0.983333 0.678125 0.985417 0.668750 0.985417 0.667188 0.983333 
furniture_58 0.634375 0.983333 0.632812 0.985417 0.615625 0.985417 0.617188 0.987500 0.625000 0.987500 0.626563 0.985417 0.631250 0.985417 0.634375 0.989583 0.635938 0.989583 0.637500 0.987500 0.639062 0.987500 0.640625 0.985417 0.642188 0.985417 0.635938 0.985417 
furniture_58 0.603125 0.983333 0.601562 0.985417 0.600000 0.985417 0.601562 0.987500 0.610938 0.987500 0.612500 0.985417 0.604688 0.985417 
furniture_58 0.540625 0.983333 0.539062 0.985417 0.537500 0.985417 0.539062 0.987500 0.545312 0.987500 0.546875 0.985417 0.550000 0.985417 0.543750 0.985417 0.542188 0.983333 
furniture_58 0.940625 0.977083 0.942187 0.979167 0.943750 0.977083 
furniture_58 0.778125 0.977083 0.778125 0.979167 0.776563 0.981250 0.773438 0.981250 0.773438 0.983333 0.771875 0.985417 0.773438 0.987500 0.778125 0.987500 0.779687 0.985417 0.781250 0.985417 0.779687 0.985417 0.776563 0.981250 0.779687 0.977083 
furniture_58 0.984375 0.960417 0.982812 0.962500 0.984375 0.962500 0.985938 0.964583 0.985938 0.966667 0.982812 0.970833 0.982812 0.972917 0.981250 0.975000 0.979688 0.972917 0.975000 0.972917 0.973437 0.970833 0.970313 0.970833 0.968750 0.972917 0.973437 0.979167 0.976562 0.975000 0.979688 0.975000 0.981250 0.977083 0.981250 0.979167 0.982812 0.979167 0.984375 0.981250 0.982812 0.983333 0.979688 0.983333 0.978125 0.981250 0.976562 0.981250 0.973437 0.985417 0.971875 0.983333 0.968750 0.983333 0.967187 0.985417 0.964063 0.985417 0.962500 0.983333 0.960938 0.983333 0.959375 0.985417 0.954688 0.985417 0.953125 0.983333 0.943750 0.983333 0.942187 0.985417 0.940625 0.983333 0.937500 0.983333 0.935937 0.985417 0.932813 0.985417 0.931250 0.983333 0.926562 0.983333 0.925000 0.981250 0.926562 0.979167 0.926562 0.977083 0.928125 0.975000 0.928125 0.968750 0.917188 0.968750 0.915625 0.970833 0.914062 0.968750 0.909375 0.968750 0.907813 0.970833 0.906250 0.968750 0.901563 0.968750 0.900000 0.966667 0.898438 0.968750 0.895312 0.968750 0.893750 0.970833 0.890625 0.970833 0.889062 0.968750 0.887500 0.968750 0.885938 0.970833 0.884375 0.970833 0.881250 0.975000 0.878125 0.975000 0.876563 0.972917 0.875000 0.972917 0.873437 0.975000 0.871875 0.975000 0.870313 0.972917 0.871875 0.970833 0.870313 0.972917 0.867188 0.972917 0.865625 0.970833 0.857812 0.970833 0.856250 0.968750 0.853125 0.968750 0.850000 0.972917 0.851562 0.975000 0.853125 0.975000 0.854688 0.977083 0.854688 0.979167 0.853125 0.981250 0.851562 0.981250 0.850000 0.983333 0.834375 0.983333 0.832812 0.985417 0.831250 0.985417 0.829688 0.983333 0.820312 0.983333 0.818750 0.985417 0.815625 0.985417 0.814063 0.983333 0.812500 0.985417 0.809375 0.985417 0.807813 0.983333 0.804688 0.983333 0.803125 0.985417 0.793750 0.985417 0.792188 0.983333 0.789062 0.983333 0.787500 0.985417 0.790625 0.989583 0.792188 0.987500 0.798438 0.987500 0.800000 0.985417 0.803125 0.985417 0.804688 0.987500 0.815625 0.987500 0.817187 0.985417 0.818750 0.987500 0.829688 0.987500 0.831250 0.985417 0.834375 0.985417 0.835938 0.987500 0.845313 0.987500 0.846875 0.985417 0.850000 0.985417 0.851562 0.987500 0.862500 0.987500 0.864062 0.985417 0.865625 0.987500 0.896875 0.987500 0.898438 0.989583 0.907813 0.989583 0.909375 0.987500 0.912500 0.987500 0.914062 0.989583 0.915625 0.989583 0.917188 0.987500 0.939063 0.987500 0.940625 0.985417 0.942187 0.985417 0.943750 0.987500 0.951562 0.987500 0.953125 0.985417 0.959375 0.985417 0.960938 0.987500 0.964063 0.987500 0.965625 0.985417 0.975000 0.985417 0.976562 0.987500 0.981250 0.987500 0.982812 0.985417 0.982812 0.983333 0.984375 0.981250 0.985938 0.981250 0.989062 0.977083 0.989062 0.972917 0.985938 0.968750 0.985938 0.960417 
furniture_58 0.942187 0.960417 0.940625 0.962500 0.943750 0.962500 
furniture_58 0.918750 0.960417 0.918750 0.962500 0.920312 0.962500 
furniture_58 0.903125 0.960417 0.903125 0.962500 0.904687 0.962500 
furniture_58 0.895312 0.960417 0.893750 0.962500 0.896875 0.962500 0.896875 0.960417 
furniture_58 0.887500 0.960417 0.885938 0.962500 0.889062 0.962500 0.889062 0.960417 
furniture_58 0.106250 0.960417 0.106250 0.962500 0.107813 0.962500 
furniture_58 0.026562 0.960417 0.026562 0.962500 0.029687 0.962500 0.029687 0.960417 
furniture_58 0.878125 0.954167 0.876563 0.956250 0.876563 0.960417 0.878125 0.962500 0.881250 0.962500 0.881250 0.960417 0.878125 0.960417 0.876563 0.958333 0.876563 0.956250 0.878125 0.954167 0.881250 0.954167 
furniture_58 0.143750 0.954167 0.142187 0.956250 0.142187 0.958333 0.145313 0.962500 0.145313 0.964583 0.146875 0.964583 0.146875 0.960417 0.148438 0.958333 0.150000 0.958333 0.148438 0.958333 0.146875 0.956250 0.146875 0.954167 
furniture_58 0.031250 0.952083 0.029687 0.954167 0.035937 0.962500 0.037500 0.962500 0.037500 0.958333 0.039062 0.956250 0.039062 0.954167 0.037500 0.952083 
furniture_58 0.985938 0.939583 0.985938 0.941667 0.982812 0.945833 0.981250 0.945833 0.984375 0.950000 0.984375 0.952083 0.985938 0.952083 0.989062 0.947917 0.989062 0.945833 0.985938 0.941667 
furniture_58 0.939063 0.939583 0.942187 0.939583 0.943750 0.941667 0.942187 0.943750 0.940625 0.943750 0.940625 0.945833 0.939063 0.947917 0.939063 0.950000 0.940625 0.950000 0.942187 0.947917 0.943750 0.947917 0.945312 0.950000 0.948438 0.950000 0.950000 0.947917 0.951562 0.947917 0.953125 0.950000 0.953125 0.952083 0.956250 0.952083 0.956250 0.950000 0.957812 0.947917 0.959375 0.950000 0.959375 0.952083 0.960938 0.954167 0.960938 0.958333 0.959375 0.960417 0.957812 0.960417 0.957812 0.962500 0.959375 0.960417 0.960938 0.960417 0.962500 0.958333 0.964063 0.958333 0.964063 0.956250 0.965625 0.954167 0.964063 0.952083 0.964063 0.950000 0.967187 0.945833 0.965625 0.945833 0.965625 0.947917 0.964063 0.950000 0.962500 0.950000 0.959375 0.945833 0.959375 0.943750 0.956250 0.943750 0.954688 0.941667 0.953125 0.941667 0.951562 0.939583 
furniture_58 0.032813 0.937500 0.031250 0.939583 0.032813 0.941667 0.034375 0.941667 0.035937 0.943750 0.035937 0.937500 
furniture_58 0.726562 0.935417 0.728125 0.937500 0.728125 0.935417 
furniture_58 0.075000 0.929167 0.075000 0.931250 0.076563 0.931250 0.076563 0.929167 
furniture_58 0.910937 0.922917 0.909375 0.925000 0.907813 0.925000 0.907813 0.927083 0.910937 0.931250 0.912500 0.931250 0.912500 0.929167 0.914062 0.927083 0.915625 0.927083 0.918750 0.931250 0.920312 0.931250 0.920312 0.929167 0.918750 0.929167 0.917188 0.927083 0.917188 0.925000 0.918750 0.922917 0.917188 0.925000 0.914062 0.925000 0.912500 0.922917 
furniture_58 0.032813 0.922917 0.032813 0.925000 0.035937 0.929167 0.035937 0.931250 0.035937 0.925000 0.037500 0.922917 
furniture_58 0.390625 0.918750 0.392188 0.920833 0.392188 0.918750 
furniture_58 0.371875 0.914583 0.371875 0.916667 0.370312 0.918750 0.367188 0.918750 0.373437 0.918750 0.375000 0.920833 0.375000 0.927083 0.382812 0.927083 0.384375 0.925000 0.384375 0.918750 0.382812 0.918750 0.381250 0.916667 0.381250 0.914583 0.379688 0.914583 0.376563 0.918750 0.373437 0.914583 
furniture_58 0.356250 0.914583 0.353125 0.918750 0.351562 0.918750 0.353125 0.920833 0.354687 0.920833 0.356250 0.918750 0.357812 0.918750 0.357812 0.916667 
furniture_58 0.207813 0.914583 0.204687 0.918750 0.204687 0.920833 0.206250 0.922917 0.209375 0.922917 0.210938 0.925000 0.212500 0.925000 0.212500 0.922917 0.210938 0.920833 0.207813 0.920833 0.206250 0.918750 0.209375 0.914583 
furniture_58 0.985938 0.912500 0.984375 0.914583 0.984375 0.918750 0.985938 0.920833 0.987500 0.918750 0.989062 0.918750 0.989062 0.914583 0.987500 0.914583 
furniture_58 0.910937 0.912500 0.909375 0.914583 0.910937 0.916667 0.912500 0.914583 
furniture_58 0.034375 0.908333 0.035937 0.910417 0.035937 0.908333 
furniture_58 0.050000 0.906250 0.048438 0.908333 0.048438 0.912500 0.050000 0.912500 0.051562 0.914583 0.053125 0.914583 0.051562 0.912500 0.051562 0.910417 0.053125 0.908333 0.051562 0.906250 
furniture_58 0.332813 0.900000 0.332813 0.902083 0.334375 0.902083 0.335938 0.904167 0.339062 0.904167 0.340625 0.902083 0.342187 0.904167 0.343750 0.904167 0.345313 0.906250 0.346875 0.906250 0.348438 0.908333 0.348438 0.906250 0.350000 0.904167 0.353125 0.904167 0.353125 0.902083 0.350000 0.902083 0.348438 0.900000 0.339062 0.900000 0.337500 0.902083 0.335938 0.902083 0.334375 0.900000 
furniture_58 0.887500 0.897917 0.887500 0.900000 0.889062 0.900000 0.889062 0.897917 
furniture_58 0.879687 0.897917 0.878125 0.900000 0.881250 0.900000 
furniture_58 0.892188 0.895833 0.893750 0.897917 0.893750 0.900000 0.896875 0.900000 0.895312 0.897917 0.893750 0.897917 
furniture_58 0.051562 0.891667 0.051562 0.893750 0.053125 0.891667 
furniture_58 0.035937 0.891667 0.034375 0.893750 0.032813 0.893750 0.031250 0.895833 0.034375 0.895833 0.035937 0.893750 
furniture_58 0.914062 0.887500 0.914062 0.889583 0.912500 0.891667 0.907813 0.891667 0.906250 0.893750 0.906250 0.895833 0.904687 0.897917 0.903125 0.897917 0.903125 0.900000 0.904687 0.900000 0.906250 0.902083 0.906250 0.904167 0.909375 0.904167 0.910937 0.906250 0.912500 0.904167 0.917188 0.904167 0.920312 0.900000 0.920312 0.897917 0.918750 0.895833 0.918750 0.891667 0.915625 0.887500 
furniture_58 0.985938 0.883333 0.985938 0.904167 0.987500 0.902083 0.987500 0.893750 0.985938 0.891667 0.985938 0.889583 0.987500 0.887500 0.985938 0.885417 
furniture_58 0.239063 0.881250 0.235937 0.885417 0.234375 0.885417 0.232813 0.883333 0.231250 0.883333 0.231250 0.885417 0.229687 0.887500 0.226562 0.887500 0.229687 0.887500 0.231250 0.885417 0.232813 0.887500 0.237500 0.887500 0.239063 0.885417 0.240625 0.885417 0.242188 0.887500 0.243750 0.887500 0.242188 0.887500 0.240625 0.885417 0.240625 0.883333 
furniture_58 0.020313 0.875000 0.018750 0.877083 0.017188 0.877083 0.015625 0.879167 0.020313 0.885417 0.021875 0.883333 0.021875 0.877083 
furniture_58 0.598437 0.866667 0.598437 0.868750 0.600000 0.868750 0.603125 0.872917 0.604688 0.870833 0.606250 0.870833 0.607812 0.868750 0.606250 0.868750 0.604688 0.870833 0.601562 0.870833 
furniture_58 0.551562 0.866667 0.548438 0.870833 0.546875 0.870833 0.545312 0.868750 0.543750 0.868750 0.542188 0.870833 0.540625 0.870833 0.553125 0.870833 0.554688 0.872917 0.556250 0.872917 0.557813 0.870833 0.568750 0.870833 0.570312 0.872917 0.573438 0.872917 0.575000 0.870833 0.576562 0.870833 0.578125 0.872917 0.590625 0.872917 0.592187 0.870833 0.593750 0.870833 0.590625 0.866667 0.587500 0.870833 0.585938 0.870833 0.584375 0.868750 0.584375 0.866667 0.582812 0.866667 0.579688 0.870833 0.576562 0.866667 0.575000 0.866667 0.571875 0.870833 0.570312 0.870833 0.568750 0.868750 0.568750 0.866667 0.567187 0.866667 0.564063 0.870833 0.560937 0.866667 0.559375 0.866667 0.556250 0.870833 0.554688 0.870833 
furniture_58 0.340625 0.866667 0.339062 0.868750 0.339062 0.870833 0.337500 0.872917 0.339062 0.870833 0.342187 0.870833 0.343750 0.872917 0.354687 0.872917 0.357812 0.868750 0.356250 0.866667 0.353125 0.870833 0.351562 0.870833 0.350000 0.868750 0.350000 0.866667 0.348438 0.866667 0.345313 0.870833 0.343750 0.870833 0.342187 0.868750 0.342187 0.866667 
furniture_58 0.293750 0.866667 0.290625 0.870833 0.287500 0.870833 0.285938 0.872917 0.282813 0.872917 0.281250 0.875000 0.281250 0.877083 0.279687 0.879167 0.276562 0.879167 0.275000 0.877083 0.270313 0.877083 0.268750 0.875000 0.265625 0.875000 0.264062 0.877083 0.256250 0.877083 0.254688 0.875000 0.251563 0.879167 0.251563 0.881250 0.253125 0.883333 0.253125 0.885417 0.251563 0.887500 0.250000 0.887500 0.248438 0.885417 0.248438 0.883333 0.246875 0.883333 0.246875 0.885417 0.248438 0.885417 0.251563 0.889583 0.251563 0.893750 0.248438 0.897917 0.246875 0.897917 0.246875 0.900000 0.245312 0.902083 0.242188 0.902083 0.240625 0.900000 0.240625 0.897917 0.239063 0.897917 0.235937 0.902083 0.234375 0.902083 0.232813 0.900000 0.231250 0.900000 0.232813 0.900000 0.235937 0.904167 0.235937 0.906250 0.237500 0.904167 0.243750 0.904167 0.246875 0.900000 0.250000 0.904167 0.250000 0.912500 0.248438 0.914583 0.239063 0.914583 0.239063 0.916667 0.240625 0.918750 0.239063 0.920833 0.232813 0.920833 0.231250 0.922917 0.228125 0.918750 0.226562 0.918750 0.225000 0.916667 0.225000 0.914583 0.223438 0.914583 0.223438 0.916667 0.225000 0.918750 0.223438 0.920833 0.218750 0.920833 0.218750 0.929167 0.220312 0.931250 0.220312 0.939583 0.215625 0.945833 0.207813 0.945833 0.206250 0.943750 0.206250 0.941667 0.207813 0.939583 0.209375 0.939583 0.210938 0.937500 0.210938 0.929167 0.204687 0.929167 0.203125 0.931250 0.203125 0.935417 0.201563 0.937500 0.201563 0.939583 0.203125 0.941667 0.203125 0.943750 0.201563 0.945833 0.200000 0.945833 0.196875 0.941667 0.198437 0.939583 0.196875 0.937500 0.193750 0.937500 0.192188 0.939583 0.193750 0.939583 0.195312 0.941667 0.193750 0.943750 0.192188 0.943750 0.190625 0.945833 0.189062 0.945833 0.189062 0.954167 0.187500 0.956250 0.187500 0.966667 0.189062 0.968750 0.189062 0.972917 0.187500 0.975000 0.187500 0.981250 0.185938 0.983333 0.182812 0.983333 0.181250 0.981250 0.179688 0.981250 0.178125 0.983333 0.170313 0.983333 0.168750 0.985417 0.167187 0.983333 0.154688 0.983333 0.153125 0.985417 0.151562 0.983333 0.139063 0.983333 0.137500 0.985417 0.135937 0.983333 0.121875 0.983333 0.120313 0.981250 0.121875 0.979167 0.123438 0.979167 0.123438 0.977083 0.121875 0.975000 0.120313 0.975000 0.118750 0.972917 0.117188 0.972917 0.115625 0.970833 0.115625 0.968750 0.117188 0.966667 0.120313 0.966667 0.121875 0.968750 0.121875 0.966667 0.123438 0.964583 0.123438 0.960417 0.125000 0.958333 0.126562 0.958333 0.125000 0.958333 0.121875 0.954167 0.123438 0.952083 0.123438 0.943750 0.120313 0.943750 0.120313 0.945833 0.118750 0.947917 0.117188 0.947917 0.115625 0.945833 0.115625 0.943750 0.114062 0.941667 0.114062 0.939583 0.112500 0.939583 0.110937 0.941667 0.109375 0.941667 0.110937 0.941667 0.114062 0.945833 0.115625 0.945833 0.117188 0.947917 0.117188 0.950000 0.114062 0.954167 0.110937 0.950000 0.110937 0.954167 0.109375 0.956250 0.109375 0.958333 0.110937 0.958333 0.115625 0.964583 0.115625 0.966667 0.114062 0.968750 0.110937 0.964583 0.107813 0.968750 0.104688 0.968750 0.103125 0.966667 0.104688 0.968750 0.104688 0.970833 0.103125 0.972917 0.104688 0.970833 0.107813 0.970833 0.109375 0.972917 0.107813 0.975000 0.106250 0.975000 0.104688 0.977083 0.104688 0.979167 0.103125 0.981250 0.101562 0.981250 0.100000 0.983333 0.098437 0.983333 0.096875 0.981250 0.100000 0.977083 0.098437 0.977083 0.095312 0.981250 0.093750 0.979167 0.093750 0.977083 0.095312 0.975000 0.095312 0.972917 0.096875 0.970833 0.100000 0.970833 0.100000 0.968750 0.098437 0.968750 0.096875 0.966667 0.096875 0.964583 0.098437 0.962500 0.100000 0.962500 0.098437 0.960417 0.098437 0.962500 0.096875 0.964583 0.095312 0.964583 0.093750 0.962500 0.093750 0.960417 0.095312 0.958333 0.095312 0.956250 0.093750 0.954167 0.093750 0.952083 0.095312 0.950000 0.093750 0.952083 0.089063 0.952083 0.087500 0.950000 0.085938 0.952083 0.082812 0.952083 0.081250 0.950000 0.085938 0.943750 0.087500 0.943750 0.090625 0.947917 0.092188 0.947917 0.092188 0.945833 0.095312 0.941667 0.096875 0.941667 0.095312 0.941667 0.092188 0.937500 0.090625 0.937500 0.089063 0.935417 0.089063 0.933333 0.090625 0.931250 0.090625 0.929167 0.084375 0.937500 0.081250 0.937500 0.079687 0.935417 0.078125 0.935417 0.078125 0.941667 0.076563 0.943750 0.075000 0.943750 0.073438 0.945833 0.073438 0.947917 0.071875 0.950000 0.068750 0.945833 0.068750 0.943750 0.067187 0.941667 0.068750 0.939583 0.068750 0.937500 0.065625 0.937500 0.064062 0.935417 0.064062 0.939583 0.065625 0.941667 0.065625 0.947917 0.060937 0.954167 0.060937 0.958333 0.059375 0.960417 0.057813 0.960417 0.056250 0.962500 0.054688 0.960417 0.054688 0.958333 0.053125 0.956250 0.053125 0.954167 0.057813 0.947917 0.060937 0.947917 0.060937 0.945833 0.057813 0.945833 0.057813 0.947917 0.056250 0.950000 0.054688 0.950000 0.053125 0.947917 0.053125 0.937500 0.054688 0.935417 0.056250 0.935417 0.057813 0.933333 0.060937 0.933333 0.060937 0.927083 0.064062 0.922917 0.065625 0.925000 0.065625 0.927083 0.067187 0.929167 0.067187 0.931250 0.068750 0.931250 0.067187 0.929167 0.067187 0.925000 0.068750 0.922917 0.057813 0.922917 0.056250 0.920833 0.056250 0.918750 0.054688 0.920833 0.050000 0.920833 0.048438 0.918750 0.046875 0.920833 0.046875 0.927083 0.043750 0.931250 0.045312 0.931250 0.046875 0.933333 0.046875 0.939583 0.048438 0.941667 0.048438 0.943750 0.050000 0.945833 0.046875 0.950000 0.046875 0.952083 0.045312 0.954167 0.045312 0.958333 0.043750 0.960417 0.042188 0.960417 0.042188 0.962500 0.045312 0.966667 0.043750 0.968750 0.042188 0.968750 0.040625 0.966667 0.031250 0.966667 0.029687 0.968750 0.026562 0.968750 0.023438 0.964583 0.023438 0.945833 0.021875 0.943750 0.021875 0.937500 0.020313 0.935417 0.020313 0.933333 0.021875 0.931250 0.021875 0.922917 0.020313 0.920833 0.017188 0.920833 0.014063 0.916667 0.014063 0.912500 0.015625 0.910417 0.017188 0.910417 0.020313 0.914583 0.020313 0.916667 0.020313 0.906250 0.021875 0.904167 0.021875 0.897917 0.023438 0.895833 0.023438 0.893750 0.021875 0.891667 0.021875 0.889583 0.018750 0.889583 0.017188 0.887500 0.015625 0.887500 0.015625 0.891667 0.014063 0.893750 0.014063 0.897917 0.015625 0.897917 0.017188 0.900000 0.015625 0.902083 0.014063 0.902083 0.014063 0.904167 0.017188 0.908333 0.015625 0.910417 0.014063 0.910417 0.012500 0.912500 0.012500 0.918750 0.015625 0.922917 0.014063 0.925000 0.014063 0.927083 0.012500 0.929167 0.012500 0.935417 0.014063 0.937500 0.014063 0.939583 0.012500 0.941667 0.012500 0.943750 0.014063 0.945833 0.014063 0.952083 0.015625 0.954167 0.015625 0.975000 0.017188 0.977083 0.017188 0.981250 0.023438 0.981250 0.025000 0.983333 0.026562 0.981250 0.029687 0.981250 0.031250 0.983333 0.031250 0.985417 0.070312 0.985417 0.071875 0.987500 0.103125 0.987500 0.104688 0.985417 0.107813 0.985417 0.109375 0.987500 0.135937 0.987500 0.137500 0.985417 0.139063 0.987500 0.181250 0.987500 0.182812 0.985417 0.185938 0.985417 0.187500 0.987500 0.190625 0.987500 0.192188 0.985417 0.195312 0.985417 0.196875 0.983333 0.196875 0.981250 0.198437 0.979167 0.200000 0.979167 0.203125 0.975000 0.204687 0.975000 0.206250 0.977083 0.206250 0.979167 0.203125 0.983333 0.203125 0.985417 0.204687 0.987500 0.207813 0.987500 0.209375 0.985417 0.210938 0.987500 0.214062 0.983333 0.214062 0.981250 0.215625 0.979167 0.217188 0.979167 0.217188 0.977083 0.218750 0.975000 0.220312 0.975000 0.225000 0.981250 0.225000 0.983333 0.223438 0.985417 0.221875 0.983333 0.218750 0.983333 0.218750 0.985417 0.223438 0.985417 0.225000 0.987500 0.237500 0.987500 0.239063 0.985417 0.240625 0.987500 0.245312 0.987500 0.246875 0.985417 0.248438 0.987500 0.250000 0.987500 0.251563 0.989583 0.253125 0.987500 0.265625 0.987500 0.267188 0.989583 0.275000 0.989583 0.276562 0.987500 0.295312 0.987500 0.296875 0.989583 0.300000 0.989583 0.301563 0.987500 0.310937 0.987500 0.312500 0.989583 0.317188 0.989583 0.318750 0.987500 0.343750 0.987500 0.345313 0.989583 0.378125 0.989583 0.379688 0.987500 0.381250 0.989583 0.385937 0.989583 0.387500 0.987500 0.389062 0.989583 0.398438 0.989583 0.400000 0.987500 0.401562 0.987500 0.403125 0.985417 0.404687 0.985417 0.404687 0.970833 0.403125 0.970833 0.401562 0.968750 0.401562 0.966667 0.398438 0.962500 0.398438 0.960417 0.396875 0.958333 0.396875 0.956250 0.398438 0.954167 0.396875 0.952083 0.396875 0.945833 0.395313 0.943750 0.395313 0.937500 0.393750 0.935417 0.392188 0.935417 0.389062 0.939583 0.387500 0.939583 0.385937 0.937500 0.375000 0.937500 0.373437 0.939583 0.373437 0.943750 0.371875 0.945833 0.370312 0.945833 0.368750 0.947917 0.367188 0.947917 0.364063 0.943750 0.362500 0.943750 0.359375 0.939583 0.356250 0.939583 0.354687 0.937500 0.348438 0.937500 0.346875 0.939583 0.346875 0.947917 0.345313 0.950000 0.342187 0.945833 0.342187 0.943750 0.340625 0.943750 0.340625 0.945833 0.337500 0.950000 0.332813 0.943750 0.331250 0.945833 0.331250 0.947917 0.329688 0.950000 0.326562 0.945833 0.323437 0.945833 0.321875 0.947917 0.320312 0.945833 0.320312 0.943750 0.323437 0.939583 0.325000 0.939583 0.325000 0.937500 0.323437 0.937500 0.321875 0.935417 0.320312 0.935417 0.318750 0.937500 0.315625 0.937500 0.314063 0.935417 0.312500 0.935417 0.310937 0.933333 0.310937 0.920833 0.309375 0.918750 0.310937 0.916667 0.310937 0.910417 0.312500 0.908333 0.314063 0.908333 0.314063 0.906250 0.315625 0.904167 0.315625 0.902083 0.317188 0.900000 0.314063 0.900000 0.312500 0.897917 0.312500 0.893750 0.310937 0.891667 0.312500 0.889583 0.317188 0.889583 0.320312 0.893750 0.321875 0.893750 0.323437 0.891667 0.328125 0.891667 0.329688 0.893750 0.331250 0.891667 0.335938 0.891667 0.337500 0.889583 0.339062 0.889583 0.342187 0.885417 0.342187 0.883333 0.339062 0.883333 0.337500 0.885417 0.335938 0.885417 0.334375 0.883333 0.332813 0.883333 0.332813 0.885417 0.331250 0.887500 0.329688 0.887500 0.326562 0.883333 0.326562 0.881250 0.325000 0.879167 0.325000 0.875000 0.323437 0.875000 0.321875 0.872917 0.321875 0.877083 0.323437 0.877083 0.325000 0.879167 0.323437 0.881250 0.321875 0.881250 0.320312 0.883333 0.315625 0.883333 0.314063 0.885417 0.312500 0.883333 0.312500 0.881250 0.310937 0.879167 0.310937 0.875000 0.312500 0.872917 0.314063 0.872917 0.315625 0.870833 0.317188 0.870833 0.317188 0.868750 0.315625 0.870833 0.314063 0.870833 0.310937 0.866667 0.307812 0.866667 0.307812 0.868750 0.306250 0.870833 0.304688 0.870833 0.301563 0.866667 0.298438 0.870833 0.295312 0.866667 
furniture_58 0.985938 0.864583 0.985938 0.872917 0.987500 0.870833 0.987500 0.868750 0.985938 0.866667 
furniture_58 0.278125 0.852083 0.275000 0.856250 0.273438 0.856250 0.279687 0.856250 0.279687 0.854167 
furniture_58 0.348438 0.850000 0.348438 0.854167 0.346875 0.856250 0.343750 0.856250 0.342187 0.854167 0.342187 0.852083 0.340625 0.852083 0.340625 0.854167 0.342187 0.854167 0.343750 0.856250 0.348438 0.856250 0.350000 0.858333 0.354687 0.858333 0.356250 0.856250 0.357812 0.856250 0.357812 0.852083 0.354687 0.852083 0.354687 0.854167 0.353125 0.856250 
furniture_58 0.307812 0.850000 0.307812 0.852083 0.306250 0.854167 0.304688 0.854167 0.303125 0.852083 0.300000 0.852083 0.298438 0.854167 0.296875 0.854167 0.295312 0.852083 0.295312 0.856250 0.298438 0.860417 0.298438 0.858333 0.301563 0.854167 0.304688 0.858333 0.309375 0.858333 0.310937 0.856250 0.314063 0.856250 0.312500 0.856250 0.310937 0.854167 0.310937 0.852083 0.309375 0.850000 
furniture_58 0.985938 0.847917 0.985938 0.850000 0.984375 0.852083 0.984375 0.856250 0.985938 0.858333 0.987500 0.856250 0.987500 0.852083 0.985938 0.850000 
furniture_58 0.314063 0.841667 0.312500 0.843750 0.314063 0.843750 
furniture_58 0.290625 0.839583 0.289062 0.841667 0.293750 0.841667 0.293750 0.839583 
furniture_58 0.356250 0.837500 0.354687 0.839583 0.351562 0.839583 0.348438 0.843750 0.346875 0.841667 0.345313 0.841667 0.346875 0.841667 0.348438 0.843750 0.348438 0.845833 0.351562 0.841667 0.354687 0.841667 0.356250 0.839583 
furniture_58 0.568750 0.833333 0.567187 0.835417 0.567187 0.839583 0.568750 0.839583 0.570312 0.841667 0.571875 0.841667 0.571875 0.839583 0.568750 0.839583 0.567187 0.837500 0.567187 0.835417 0.568750 0.833333 0.573438 0.833333 0.575000 0.835417 0.575000 0.837500 0.575000 0.835417 0.573438 0.833333 
furniture_58 0.575000 0.822917 0.573438 0.825000 0.568750 0.825000 0.575000 0.825000 
furniture_58 0.817187 0.820833 0.817187 0.822917 0.818750 0.822917 0.821875 0.827083 0.823438 0.825000 0.825000 0.825000 0.826562 0.822917 0.826562 0.820833 0.823438 0.820833 0.823438 0.822917 0.821875 0.825000 0.820312 0.825000 0.818750 0.822917 0.818750 0.820833 
furniture_58 0.809375 0.820833 0.809375 0.822917 0.810937 0.822917 0.810937 0.820833 
furniture_58 0.692187 0.820833 0.692187 0.822917 0.690625 0.825000 0.687500 0.825000 0.690625 0.825000 0.692187 0.822917 
furniture_58 0.825000 0.804167 0.821875 0.808333 0.821875 0.810417 0.823438 0.810417 0.826562 0.806250 
furniture_58 0.809375 0.804167 0.809375 0.806250 0.807813 0.808333 0.806250 0.808333 0.806250 0.810417 0.809375 0.806250 0.810937 0.806250 0.810937 0.804167 
furniture_58 0.793750 0.804167 0.793750 0.806250 0.795312 0.806250 
furniture_58 0.571875 0.800000 0.570312 0.802083 0.571875 0.802083 0.573438 0.804167 0.573438 0.806250 0.571875 0.808333 0.570312 0.808333 0.570312 0.810417 0.573438 0.810417 0.575000 0.808333 0.576562 0.808333 0.576562 0.804167 0.573438 0.800000 
furniture_58 0.765625 0.797917 0.767188 0.800000 0.768750 0.800000 0.770312 0.802083 0.770312 0.806250 0.770312 0.797917 
furniture_58 0.954688 0.795833 0.954688 0.804167 0.956250 0.806250 0.954688 0.808333 0.956250 0.806250 0.959375 0.806250 0.959375 0.804167 0.957812 0.804167 0.956250 0.802083 0.956250 0.800000 0.957812 0.797917 0.956250 0.797917 
furniture_58 0.753125 0.789583 0.757812 0.795833 0.760938 0.795833 0.764062 0.791667 0.764062 0.789583 0.760938 0.789583 0.759375 0.791667 0.757812 0.791667 0.756250 0.789583 
furniture_58 0.690625 0.789583 0.692187 0.791667 0.692187 0.789583 
furniture_58 0.575000 0.789583 0.571875 0.793750 0.570312 0.793750 0.571875 0.795833 0.575000 0.795833 0.576562 0.793750 0.576562 0.791667 
furniture_58 0.648438 0.785417 0.650000 0.785417 0.651563 0.787500 0.651563 0.789583 0.645312 0.797917 0.643750 0.797917 0.642188 0.800000 0.640625 0.800000 0.640625 0.802083 0.650000 0.802083 0.650000 0.800000 0.648438 0.800000 0.646875 0.797917 0.648438 0.795833 0.651563 0.795833 0.651563 0.793750 0.654687 0.789583 0.653125 0.787500 0.651563 0.787500 0.650000 0.785417 
furniture_58 0.617188 0.785417 0.617188 0.787500 0.618750 0.787500 0.620313 0.789583 0.618750 0.791667 0.617188 0.791667 0.612500 0.797917 0.610938 0.797917 0.609375 0.800000 0.609375 0.802083 0.612500 0.802083 0.614062 0.804167 0.615625 0.804167 0.617188 0.802083 0.618750 0.802083 0.621875 0.806250 0.620313 0.808333 0.617188 0.808333 0.615625 0.810417 0.620313 0.810417 0.623437 0.806250 0.623437 0.804167 0.625000 0.802083 0.635938 0.802083 0.635938 0.800000 0.632812 0.800000 0.631250 0.797917 0.632812 0.795833 0.634375 0.795833 0.634375 0.793750 0.632812 0.793750 0.632812 0.795833 0.631250 0.797917 0.625000 0.797917 0.621875 0.793750 0.623437 0.791667 0.623437 0.789583 0.620313 0.785417 
furniture_58 0.821875 0.779167 0.823438 0.781250 0.823438 0.783333 0.821875 0.785417 0.820312 0.785417 0.818750 0.783333 0.815625 0.783333 0.814063 0.785417 0.815625 0.783333 0.818750 0.783333 0.820312 0.785417 0.821875 0.785417 0.823438 0.787500 0.823438 0.791667 0.821875 0.793750 0.820312 0.793750 0.821875 0.795833 0.823438 0.795833 0.825000 0.797917 0.823438 0.795833 0.823438 0.793750 0.825000 0.791667 0.826562 0.791667 0.826562 0.787500 0.823438 0.787500 0.821875 0.785417 0.823438 0.783333 0.826562 0.783333 0.826562 0.781250 0.823438 0.781250 
furniture_58 0.681250 0.777083 0.678125 0.781250 0.673438 0.781250 0.671875 0.783333 0.671875 0.787500 0.670312 0.789583 0.668750 0.789583 0.671875 0.793750 0.668750 0.797917 0.667188 0.797917 0.665625 0.795833 0.665625 0.793750 0.662500 0.797917 0.659375 0.797917 0.657813 0.800000 0.656250 0.800000 0.656250 0.802083 0.659375 0.802083 0.659375 0.800000 0.660937 0.797917 0.662500 0.800000 0.662500 0.802083 0.667188 0.802083 0.667188 0.800000 0.668750 0.797917 0.670312 0.800000 0.670312 0.802083 0.684375 0.802083 0.684375 0.793750 0.687500 0.789583 0.687500 0.787500 0.689063 0.785417 0.687500 0.785417 
furniture_58 0.731250 0.775000 0.729688 0.777083 0.726562 0.777083 0.728125 0.779167 0.729688 0.777083 0.731250 0.777083 
furniture_58 0.840625 0.772917 0.840625 0.775000 0.842187 0.775000 0.842187 0.772917 
furniture_58 0.825000 0.772917 0.825000 0.775000 0.826562 0.775000 
furniture_58 0.684375 0.772917 0.684375 0.775000 0.685937 0.775000 0.685937 0.772917 
furniture_58 0.637500 0.772917 0.637500 0.775000 0.635938 0.777083 0.631250 0.777083 0.632812 0.779167 0.635938 0.779167 0.637500 0.777083 
furniture_58 0.598437 0.772917 0.598437 0.777083 0.596875 0.779167 0.596875 0.783333 0.595313 0.785417 0.593750 0.785417 0.592187 0.787500 0.590625 0.787500 0.589063 0.785417 0.587500 0.785417 0.589063 0.787500 0.589063 0.791667 0.587500 0.793750 0.585938 0.793750 0.589063 0.793750 0.590625 0.791667 0.592187 0.791667 0.593750 0.793750 0.593750 0.795833 0.595313 0.797917 0.593750 0.800000 0.593750 0.804167 0.592187 0.806250 0.590625 0.806250 0.592187 0.806250 0.593750 0.808333 0.593750 0.818750 0.592187 0.820833 0.590625 0.820833 0.590625 0.822917 0.589063 0.825000 0.585938 0.825000 0.592187 0.825000 0.593750 0.827083 0.596875 0.827083 0.598437 0.829167 0.596875 0.831250 0.595313 0.831250 0.590625 0.837500 0.593750 0.841667 0.601562 0.841667 0.603125 0.843750 0.604688 0.841667 0.617188 0.841667 0.618750 0.843750 0.620313 0.841667 0.631250 0.841667 0.632812 0.843750 0.635938 0.843750 0.637500 0.841667 0.654687 0.841667 0.656250 0.843750 0.656250 0.847917 0.650000 0.856250 0.648438 0.854167 0.646875 0.854167 0.645312 0.852083 0.643750 0.854167 0.640625 0.854167 0.639062 0.852083 0.634375 0.852083 0.632812 0.854167 0.631250 0.852083 0.629687 0.852083 0.629687 0.854167 0.628125 0.856250 0.625000 0.856250 0.631250 0.856250 0.632812 0.858333 0.646875 0.858333 0.648438 0.856250 0.653125 0.856250 0.656250 0.860417 0.656250 0.866667 0.654687 0.868750 0.656250 0.870833 0.656250 0.872917 0.657813 0.875000 0.659375 0.872917 0.662500 0.872917 0.664062 0.875000 0.668750 0.875000 0.670312 0.877083 0.670312 0.881250 0.668750 0.883333 0.670312 0.885417 0.670312 0.887500 0.673438 0.891667 0.673438 0.893750 0.675000 0.893750 0.675000 0.891667 0.676562 0.889583 0.678125 0.891667 0.678125 0.895833 0.679688 0.897917 0.679688 0.902083 0.681250 0.904167 0.685937 0.904167 0.687500 0.906250 0.687500 0.912500 0.689063 0.914583 0.689063 0.920833 0.692187 0.920833 0.695312 0.925000 0.695312 0.927083 0.698438 0.931250 0.696875 0.933333 0.701562 0.933333 0.703125 0.935417 0.710938 0.935417 0.712500 0.937500 0.714063 0.935417 0.718750 0.935417 0.718750 0.927083 0.717187 0.925000 0.717187 0.920833 0.718750 0.918750 0.721875 0.918750 0.723437 0.916667 0.725000 0.918750 0.729688 0.918750 0.726562 0.918750 0.725000 0.916667 0.725000 0.914583 0.721875 0.914583 0.721875 0.916667 0.720313 0.918750 0.717187 0.914583 0.714063 0.914583 0.712500 0.916667 0.710938 0.914583 0.710938 0.906250 0.712500 0.904167 0.712500 0.902083 0.707812 0.902083 0.706250 0.904167 0.704688 0.904167 0.701562 0.900000 0.701562 0.897917 0.700000 0.897917 0.696875 0.893750 0.696875 0.891667 0.700000 0.887500 0.707812 0.887500 0.709375 0.889583 0.714063 0.889583 0.717187 0.885417 0.717187 0.883333 0.715625 0.881250 0.712500 0.881250 0.710938 0.879167 0.710938 0.877083 0.709375 0.877083 0.707812 0.875000 0.704688 0.875000 0.703125 0.877083 0.703125 0.881250 0.701562 0.883333 0.696875 0.883333 0.695312 0.881250 0.695312 0.875000 0.696875 0.872917 0.696875 0.870833 0.692187 0.864583 0.692187 0.862500 0.687500 0.856250 0.687500 0.854167 0.685937 0.852083 0.685937 0.843750 0.690625 0.837500 0.693750 0.837500 0.692187 0.835417 0.689063 0.839583 0.687500 0.837500 0.687500 0.835417 0.685937 0.833333 0.685937 0.829167 0.682813 0.825000 0.684375 0.822917 0.684375 0.820833 0.684375 0.822917 0.682813 0.825000 0.678125 0.825000 0.676562 0.822917 0.675000 0.825000 0.671875 0.825000 0.670312 0.822917 0.670312 0.820833 0.668750 0.820833 0.665625 0.825000 0.664062 0.825000 0.662500 0.822917 0.662500 0.820833 0.659375 0.820833 0.659375 0.822917 0.657813 0.825000 0.656250 0.822917 0.656250 0.820833 0.654687 0.818750 0.653125 0.818750 0.650000 0.822917 0.648438 0.822917 0.645312 0.818750 0.643750 0.820833 0.643750 0.822917 0.642188 0.825000 0.637500 0.818750 0.634375 0.822917 0.632812 0.822917 0.631250 0.820833 0.629687 0.820833 0.626563 0.825000 0.623437 0.820833 0.623437 0.818750 0.621875 0.818750 0.618750 0.822917 0.617188 0.822917 0.615625 0.820833 0.614062 0.820833 0.610938 0.825000 0.604688 0.816667 0.606250 0.814583 0.607812 0.814583 0.607812 0.812500 0.606250 0.812500 0.604688 0.810417 0.604688 0.808333 0.606250 0.806250 0.604688 0.808333 0.601562 0.808333 0.600000 0.806250 0.600000 0.804167 0.601562 0.802083 0.603125 0.802083 0.603125 0.800000 0.601562 0.800000 0.600000 0.797917 0.601562 0.795833 0.603125 0.795833 0.606250 0.791667 0.607812 0.791667 0.607812 0.789583 0.604688 0.785417 0.603125 0.785417 0.601562 0.783333 0.601562 0.781250 0.603125 0.779167 0.604688 0.779167 0.601562 0.779167 0.598437 0.775000 
furniture_58 0.590625 0.772917 0.590625 0.775000 0.587500 0.779167 0.589063 0.777083 0.590625 0.777083 0.592187 0.775000 
furniture_58 0.842187 0.766667 0.848437 0.775000 0.848437 0.772917 0.846875 0.770833 0.850000 0.766667 
furniture_58 0.621875 0.758333 0.621875 0.760417 0.620313 0.762500 0.617188 0.762500 0.620313 0.762500 0.621875 0.760417 0.623437 0.760417 0.623437 0.758333 
furniture_58 0.606250 0.758333 0.606250 0.760417 0.604688 0.762500 0.601562 0.762500 0.604688 0.762500 0.607812 0.758333 
furniture_58 0.637500 0.756250 0.637500 0.758333 0.634375 0.762500 0.632812 0.762500 0.635938 0.762500 0.637500 0.760417 
furniture_58 0.704688 0.752083 0.704688 0.762500 0.707812 0.762500 0.707812 0.758333 0.706250 0.758333 0.704688 0.756250 
furniture_58 0.948438 0.743750 0.946875 0.745833 0.945312 0.745833 0.945312 0.747917 0.948438 0.747917 0.951562 0.743750 
furniture_58 0.932813 0.743750 0.931250 0.745833 0.929688 0.745833 0.929688 0.747917 0.932813 0.747917 0.935937 0.743750 
furniture_58 0.918750 0.743750 0.917188 0.745833 0.914062 0.745833 0.914062 0.747917 0.917188 0.747917 0.920312 0.743750 
furniture_58 0.903125 0.743750 0.901563 0.745833 0.898438 0.745833 0.898438 0.747917 0.901563 0.747917 0.904687 0.743750 
furniture_58 0.653125 0.743750 0.651563 0.745833 0.648438 0.745833 0.648438 0.747917 0.651563 0.747917 0.653125 0.745833 
furniture_58 0.965625 0.741667 0.962500 0.745833 0.960938 0.745833 0.960938 0.747917 0.959375 0.750000 0.953125 0.750000 0.953125 0.752083 0.954688 0.754167 0.956250 0.752083 0.959375 0.752083 0.960938 0.754167 0.962500 0.754167 0.964063 0.752083 0.965625 0.752083 0.968750 0.756250 0.978125 0.756250 0.979688 0.758333 0.975000 0.764583 0.960938 0.764583 0.959375 0.766667 0.917188 0.766667 0.915625 0.768750 0.914062 0.768750 0.912500 0.766667 0.901563 0.766667 0.900000 0.768750 0.898438 0.766667 0.885938 0.766667 0.884375 0.768750 0.882812 0.766667 0.878125 0.766667 0.876563 0.764583 0.875000 0.764583 0.873437 0.766667 0.870313 0.766667 0.868750 0.768750 0.867188 0.766667 0.856250 0.766667 0.857812 0.766667 0.859375 0.768750 0.859375 0.770833 0.857812 0.772917 0.856250 0.772917 0.856250 0.775000 0.859375 0.779167 0.860938 0.779167 0.864062 0.775000 0.865625 0.775000 0.867188 0.777083 0.867188 0.779167 0.870313 0.779167 0.871875 0.777083 0.873437 0.777083 0.876563 0.781250 0.876563 0.785417 0.873437 0.789583 0.860938 0.789583 0.859375 0.787500 0.854688 0.787500 0.853125 0.785417 0.850000 0.789583 0.846875 0.789583 0.845313 0.787500 0.839063 0.787500 0.837500 0.785417 0.839063 0.787500 0.839063 0.791667 0.837500 0.793750 0.839063 0.791667 0.843750 0.791667 0.845313 0.793750 0.846875 0.791667 0.850000 0.791667 0.853125 0.795833 0.854688 0.793750 0.860938 0.793750 0.862500 0.791667 0.865625 0.791667 0.868750 0.795833 0.871875 0.791667 0.873437 0.793750 0.881250 0.793750 0.882812 0.795833 0.885938 0.795833 0.887500 0.793750 0.889062 0.793750 0.890625 0.795833 0.892188 0.795833 0.893750 0.793750 0.896875 0.793750 0.898438 0.795833 0.903125 0.795833 0.904687 0.793750 0.914062 0.793750 0.915625 0.795833 0.917188 0.793750 0.921875 0.793750 0.923438 0.795833 0.925000 0.793750 0.929688 0.793750 0.931250 0.795833 0.932813 0.793750 0.939063 0.793750 0.937500 0.791667 0.937500 0.787500 0.939063 0.785417 0.940625 0.787500 0.940625 0.789583 0.942187 0.791667 0.943750 0.791667 0.945312 0.793750 0.951562 0.793750 0.953125 0.791667 0.953125 0.787500 0.954688 0.785417 0.957812 0.789583 0.959375 0.789583 0.959375 0.787500 0.960938 0.785417 0.962500 0.785417 0.964063 0.787500 0.964063 0.789583 0.960938 0.793750 0.967187 0.793750 0.968750 0.795833 0.968750 0.802083 0.967187 0.804167 0.965625 0.804167 0.965625 0.806250 0.967187 0.808333 0.967187 0.810417 0.965625 0.812500 0.962500 0.808333 0.960938 0.810417 0.960938 0.812500 0.962500 0.814583 0.967187 0.814583 0.970313 0.818750 0.970313 0.820833 0.971875 0.820833 0.973437 0.822917 0.975000 0.822917 0.976562 0.825000 0.981250 0.825000 0.982812 0.822917 0.984375 0.822917 0.984375 0.820833 0.982812 0.818750 0.982812 0.814583 0.987500 0.808333 0.987500 0.806250 0.985938 0.804167 0.985938 0.800000 0.984375 0.797917 0.987500 0.793750 0.987500 0.789583 0.985938 0.787500 0.985938 0.779167 0.987500 0.777083 0.985938 0.775000 0.985938 0.770833 0.984375 0.768750 0.984375 0.766667 0.987500 0.762500 0.989062 0.762500 0.987500 0.760417 0.987500 0.752083 0.985938 0.750000 0.981250 0.750000 0.979688 0.747917 0.975000 0.747917 0.973437 0.750000 0.971875 0.747917 0.971875 0.745833 0.973437 0.743750 0.975000 0.743750 0.973437 0.741667 0.970313 0.745833 0.968750 0.743750 0.967187 0.743750 
furniture_58 0.840625 0.741667 0.837500 0.745833 0.837500 0.747917 0.839063 0.747917 0.842187 0.743750 
furniture_58 0.825000 0.741667 0.825000 0.743750 0.826562 0.743750 
furniture_58 0.875000 0.739583 0.873437 0.741667 0.871875 0.741667 0.871875 0.745833 0.870313 0.747917 0.868750 0.747917 0.870313 0.750000 0.870313 0.752083 0.868750 0.754167 0.871875 0.754167 0.873437 0.756250 0.878125 0.756250 0.879687 0.758333 0.881250 0.756250 0.885938 0.756250 0.887500 0.758333 0.890625 0.754167 0.892188 0.754167 0.889062 0.754167 0.887500 0.752083 0.882812 0.752083 0.881250 0.754167 0.879687 0.754167 0.878125 0.752083 0.876563 0.752083 0.875000 0.750000 0.876563 0.747917 0.875000 0.747917 0.873437 0.750000 0.871875 0.750000 0.870313 0.747917 0.873437 0.743750 0.873437 0.741667 0.875000 0.739583 0.876563 0.739583 
furniture_58 0.012500 0.739583 0.012500 0.745833 0.014063 0.747917 0.014063 0.739583 
furniture_58 0.884375 0.737500 0.882812 0.739583 0.884375 0.739583 0.885938 0.741667 0.885938 0.743750 0.884375 0.745833 0.882812 0.745833 0.882812 0.747917 0.887500 0.747917 0.889062 0.745833 0.889062 0.741667 0.887500 0.741667 
furniture_58 0.703125 0.737500 0.703125 0.739583 0.704688 0.739583 0.704688 0.737500 
furniture_58 0.793750 0.727083 0.793750 0.729167 0.792188 0.731250 0.790625 0.731250 0.790625 0.733333 0.792188 0.733333 0.793750 0.735417 0.795312 0.735417 0.793750 0.735417 0.792188 0.733333 0.792188 0.731250 0.793750 0.729167 
furniture_58 0.012500 0.727083 0.012500 0.729167 0.017188 0.735417 0.020313 0.735417 0.018750 0.735417 0.014063 0.729167 0.014063 0.727083 
furniture_58 0.692187 0.710417 0.692187 0.712500 0.690625 0.714583 0.692187 0.714583 0.693750 0.716667 0.696875 0.716667 0.698438 0.714583 0.700000 0.714583 0.700000 0.710417 0.700000 0.712500 0.698438 0.714583 0.693750 0.714583 0.692187 0.712500 
furniture_58 0.676562 0.695833 0.676562 0.697917 0.678125 0.700000 0.676562 0.702083 0.673438 0.702083 0.673438 0.708333 0.670312 0.712500 0.668750 0.712500 0.670312 0.712500 0.671875 0.714583 0.671875 0.716667 0.685937 0.716667 0.687500 0.714583 0.687500 0.712500 0.685937 0.710417 0.682813 0.710417 0.682813 0.712500 0.681250 0.714583 0.679688 0.714583 0.678125 0.712500 0.678125 0.710417 0.679688 0.708333 0.679688 0.706250 0.678125 0.704167 0.679688 0.702083 0.684375 0.702083 0.684375 0.700000 0.685937 0.697917 0.685937 0.695833 0.684375 0.695833 0.681250 0.700000 0.679688 0.700000 
furniture_58 0.668750 0.695833 0.665625 0.700000 0.662500 0.700000 0.668750 0.700000 0.670312 0.697917 0.670312 0.695833 
furniture_58 0.606250 0.695833 0.603125 0.700000 0.604688 0.700000 0.606250 0.697917 
furniture_58 0.070312 0.685417 0.068750 0.687500 0.070312 0.689583 0.071875 0.689583 0.073438 0.687500 0.071875 0.685417 
furniture_58 0.976562 0.670833 0.975000 0.672917 0.967187 0.672917 0.965625 0.675000 0.962500 0.675000 0.962500 0.677083 0.965625 0.677083 0.965625 0.675000 0.967187 0.672917 0.975000 0.672917 0.976562 0.675000 0.976562 0.677083 0.978125 0.679167 0.979688 0.679167 0.981250 0.681250 0.982812 0.679167 0.982812 0.670833 
furniture_58 0.950000 0.670833 0.948438 0.672917 0.940625 0.672917 0.943750 0.672917 0.946875 0.677083 0.948438 0.677083 0.950000 0.679167 0.950000 0.681250 0.950000 0.679167 0.951562 0.677083 0.951562 0.675000 0.953125 0.672917 0.954688 0.672917 0.953125 0.672917 0.951562 0.670833 
furniture_58 0.012500 0.641667 0.014063 0.643750 0.023438 0.643750 0.025000 0.645833 0.026562 0.645833 0.028125 0.647917 0.028125 0.645833 0.029687 0.643750 0.029687 0.641667 
furniture_58 0.992188 0.637500 0.992188 0.639583 0.990625 0.641667 0.992188 0.643750 0.992188 0.647917 0.993750 0.650000 0.992188 0.652083 0.992188 0.654167 0.993750 0.654167 0.993750 0.637500 
furniture_58 0.992188 0.575000 0.993750 0.577083 0.993750 0.575000 
furniture_58 0.023438 0.545833 0.021875 0.547917 0.018750 0.547917 0.018750 0.550000 0.017188 0.552083 0.015625 0.552083 0.014063 0.554167 0.012500 0.554167 0.012500 0.558333 0.014063 0.560417 0.015625 0.560417 0.017188 0.558333 0.015625 0.556250 0.020313 0.550000 0.021875 0.552083 0.021875 0.554167 0.023438 0.556250 0.023438 0.560417 0.021875 0.562500 0.021875 0.564583 0.023438 0.566667 0.023438 0.568750 0.025000 0.568750 0.025000 0.564583 0.026562 0.562500 0.025000 0.560417 0.025000 0.545833 
furniture_58 0.020313 0.516667 0.018750 0.518750 0.015625 0.518750 0.015625 0.520833 0.018750 0.520833 0.018750 0.518750 0.020313 0.516667 0.025000 0.516667 
furniture_58 0.981250 0.504167 0.981250 0.506250 0.979688 0.508333 0.979688 0.512500 0.985938 0.512500 0.984375 0.512500 0.982812 0.510417 0.982812 0.504167 
furniture_58 0.015625 0.489583 0.012500 0.493750 0.014063 0.493750 0.015625 0.495833 0.015625 0.497917 0.017188 0.497917 0.017188 0.495833 0.015625 0.495833 0.014063 0.493750 0.014063 0.491667 0.015625 0.489583 0.017188 0.489583 
furniture_58 0.981250 0.472917 0.981250 0.475000 0.978125 0.479167 0.978125 0.481250 0.982812 0.481250 0.981250 0.479167 
furniture_58 0.017188 0.456250 0.017188 0.462500 0.015625 0.464583 0.015625 0.468750 0.017188 0.470833 0.015625 0.472917 0.015625 0.475000 0.014063 0.477083 0.012500 0.477083 0.012500 0.479167 0.014063 0.481250 0.014063 0.483333 0.018750 0.483333 0.020313 0.481250 0.020313 0.477083 0.018750 0.477083 0.017188 0.475000 0.017188 0.468750 0.018750 0.466667 0.018750 0.464583 0.017188 0.462500 
furniture_58 0.017188 0.439583 0.017188 0.441667 0.015625 0.443750 0.015625 0.452083 0.018750 0.452083 0.020313 0.450000 0.021875 0.450000 0.021875 0.445833 0.020313 0.445833 0.018750 0.443750 0.018750 0.441667 
furniture_58 0.981250 0.420833 0.981250 0.425000 0.979688 0.427083 0.979688 0.429167 0.978125 0.431250 0.979688 0.433333 0.979688 0.435417 0.978125 0.437500 0.979688 0.437500 0.981250 0.439583 0.981250 0.441667 0.978125 0.445833 0.978125 0.454167 0.979688 0.456250 0.979688 0.458333 0.981250 0.460417 0.981250 0.462500 0.979688 0.464583 0.981250 0.466667 0.981250 0.460417 0.982812 0.458333 0.982812 0.456250 0.979688 0.456250 0.978125 0.454167 0.979688 0.452083 0.982812 0.452083 0.982812 0.447917 0.981250 0.445833 0.982812 0.443750 0.982812 0.441667 0.981250 0.439583 0.981250 0.437500 0.982812 0.435417 0.982812 0.425000 0.981250 0.422917 
furniture_58 0.918750 0.118750 0.917188 0.120833 0.915625 0.120833 0.914062 0.122917 0.917188 0.122917 0.918750 0.120833 
furniture_58 0.168750 0.118750 0.165625 0.122917 0.167187 0.122917 0.168750 0.120833 
furniture_58 0.131250 0.114583 0.135937 0.114583 0.137500 0.116667 0.135937 0.114583 
furniture_58 0.176563 0.112500 0.176563 0.114583 0.179688 0.114583 0.178125 0.114583 
furniture_58 0.145313 0.112500 0.145313 0.114583 0.151562 0.114583 0.153125 0.116667 0.153125 0.114583 0.148438 0.114583 0.146875 0.112500 
furniture_58 0.937500 0.110417 0.937500 0.112500 0.935937 0.114583 0.935937 0.120833 0.937500 0.122917 0.939063 0.122917 0.939063 0.120833 0.937500 0.118750 0.939063 0.116667 0.939063 0.110417 
furniture_58 0.110937 0.110417 0.110937 0.112500 0.112500 0.114583 0.115625 0.114583 0.114062 0.112500 0.112500 0.112500 
furniture_58 0.168750 0.100000 0.168750 0.102083 0.165625 0.106250 0.164062 0.106250 0.168750 0.106250 0.170313 0.104167 0.170313 0.102083 
furniture_58 0.106250 0.100000 0.106250 0.104167 0.104688 0.106250 0.103125 0.106250 0.104688 0.106250 0.106250 0.104167 
furniture_58 0.125000 0.095833 0.123438 0.097917 0.126562 0.097917 0.129688 0.102083 0.131250 0.102083 0.132812 0.100000 0.134375 0.100000 0.135937 0.102083 0.135937 0.104167 0.134375 0.106250 0.132812 0.106250 0.137500 0.106250 0.139063 0.104167 0.139063 0.102083 0.140625 0.100000 0.143750 0.100000 0.145313 0.102083 0.146875 0.102083 0.148438 0.100000 0.150000 0.100000 0.151562 0.102083 0.151562 0.104167 0.150000 0.106250 0.148438 0.106250 0.153125 0.106250 0.154688 0.104167 0.154688 0.097917 0.153125 0.095833 0.151562 0.097917 0.148438 0.097917 0.146875 0.095833 0.137500 0.095833 0.135937 0.097917 0.132812 0.097917 0.131250 0.095833 
furniture_58 0.106250 0.070833 0.104688 0.072917 0.103125 0.072917 0.101562 0.075000 0.100000 0.075000 0.098437 0.077083 0.095312 0.077083 0.093750 0.079167 0.093750 0.081250 0.092188 0.083333 0.090625 0.083333 0.089063 0.085417 0.087500 0.085417 0.084375 0.089583 0.084375 0.091667 0.082812 0.093750 0.079687 0.093750 0.075000 0.100000 0.073438 0.100000 0.073438 0.102083 0.071875 0.104167 0.070312 0.104167 0.067187 0.108333 0.059375 0.108333 0.057813 0.110417 0.057813 0.116667 0.056250 0.118750 0.056250 0.122917 0.064062 0.122917 0.065625 0.120833 0.068750 0.120833 0.070312 0.122917 0.071875 0.122917 0.073438 0.120833 0.078125 0.120833 0.078125 0.118750 0.079687 0.116667 0.081250 0.118750 0.081250 0.120833 0.084375 0.120833 0.085938 0.122917 0.090625 0.122917 0.092188 0.120833 0.092188 0.116667 0.093750 0.114583 0.093750 0.110417 0.090625 0.106250 0.092188 0.104167 0.092188 0.102083 0.095312 0.097917 0.096875 0.097917 0.098437 0.100000 0.100000 0.100000 0.101562 0.097917 0.103125 0.097917 0.100000 0.097917 0.098437 0.095833 0.101562 0.091667 0.109375 0.091667 0.109375 0.089583 0.107813 0.087500 0.107813 0.085417 0.109375 0.083333 0.112500 0.083333 0.114062 0.085417 0.114062 0.087500 0.117188 0.091667 0.121875 0.091667 0.121875 0.081250 0.120313 0.081250 0.118750 0.083333 0.117188 0.081250 0.115625 0.081250 0.114062 0.079167 0.110937 0.079167 0.109375 0.081250 0.101562 0.081250 0.100000 0.079167 0.101562 0.077083 0.106250 0.077083 0.107813 0.075000 0.107813 0.070833 
furniture_58 0.184375 0.068750 0.182812 0.070833 0.182812 0.072917 0.181250 0.075000 0.179688 0.075000 0.185938 0.075000 0.185938 0.070833 
furniture_58 0.150000 0.060417 0.148438 0.062500 0.142187 0.062500 0.140625 0.064583 0.140625 0.068750 0.139063 0.070833 0.139063 0.075000 0.140625 0.075000 0.142187 0.077083 0.143750 0.075000 0.168750 0.075000 0.170313 0.072917 0.170313 0.070833 0.168750 0.068750 0.168750 0.066667 0.160938 0.066667 0.159375 0.064583 0.157812 0.064583 0.156250 0.062500 0.151562 0.062500 
furniture_58 0.106250 0.054167 0.103125 0.058333 0.103125 0.060417 0.104688 0.060417 0.106250 0.058333 0.107813 0.058333 0.107813 0.054167 
furniture_58 0.132812 0.050000 0.129688 0.054167 0.129688 0.056250 0.129688 0.054167 0.131250 0.052083 0.135937 0.052083 0.135937 0.050000 
furniture_58 0.118750 0.050000 0.117188 0.052083 0.115625 0.052083 0.118750 0.052083 0.120313 0.054167 0.120313 0.056250 0.118750 0.058333 0.117188 0.058333 0.117188 0.062500 0.114062 0.066667 0.112500 0.066667 0.110937 0.064583 0.110937 0.066667 0.112500 0.066667 0.114062 0.068750 0.114062 0.070833 0.115625 0.070833 0.117188 0.068750 0.118750 0.068750 0.120313 0.070833 0.117188 0.075000 0.118750 0.077083 0.123438 0.077083 0.123438 0.070833 0.125000 0.068750 0.128125 0.068750 0.129688 0.070833 0.131250 0.070833 0.132812 0.068750 0.134375 0.068750 0.135937 0.066667 0.134375 0.066667 0.131250 0.062500 0.125000 0.062500 0.123438 0.060417 0.123438 0.050000 
furniture_58 0.110937 0.047917 0.110937 0.050000 0.112500 0.047917 
furniture_58 0.164062 0.043750 0.162500 0.045833 0.156250 0.045833 0.154688 0.047917 0.151562 0.047917 0.150000 0.045833 0.148438 0.045833 0.146875 0.047917 0.143750 0.047917 0.142187 0.045833 0.140625 0.045833 0.139063 0.047917 0.140625 0.050000 0.140625 0.052083 0.143750 0.052083 0.145313 0.054167 0.146875 0.054167 0.148438 0.052083 0.151562 0.052083 0.153125 0.054167 0.153125 0.056250 0.154688 0.056250 0.156250 0.054167 0.159375 0.054167 0.160938 0.056250 0.162500 0.056250 0.164062 0.058333 0.164062 0.060417 0.168750 0.060417 0.170313 0.058333 0.170313 0.056250 0.171875 0.054167 0.171875 0.052083 0.173437 0.050000 0.176563 0.054167 0.178125 0.052083 0.181250 0.052083 0.182812 0.054167 0.182812 0.056250 0.181250 0.058333 0.181250 0.060417 0.184375 0.060417 0.185938 0.058333 0.185938 0.054167 0.184375 0.052083 0.179688 0.052083 0.176563 0.047917 0.171875 0.047917 0.168750 0.043750 
furniture_58 0.117188 0.043750 0.118750 0.045833 0.120313 0.045833 0.121875 0.043750 
furniture_58 0.415625 0.004167 0.414062 0.006250 0.389062 0.006250 0.387500 0.008333 0.385937 0.006250 0.382812 0.006250 0.381250 0.008333 0.378125 0.008333 0.376563 0.010417 0.368750 0.010417 0.364063 0.016667 0.362500 0.016667 0.360938 0.018750 0.359375 0.018750 0.357812 0.020833 0.356250 0.020833 0.354687 0.022917 0.353125 0.022917 0.348438 0.029167 0.346875 0.029167 0.345313 0.031250 0.339062 0.031250 0.337500 0.033333 0.329688 0.033333 0.328125 0.035417 0.315625 0.035417 0.314063 0.033333 0.312500 0.035417 0.312500 0.037500 0.309375 0.041667 0.303125 0.041667 0.301563 0.043750 0.298438 0.043750 0.296875 0.041667 0.290625 0.041667 0.289062 0.043750 0.281250 0.043750 0.279687 0.041667 0.273438 0.041667 0.271875 0.039583 0.270313 0.039583 0.267188 0.043750 0.265625 0.043750 0.264062 0.041667 0.260937 0.041667 0.259375 0.043750 0.256250 0.043750 0.254688 0.045833 0.251563 0.045833 0.250000 0.047917 0.250000 0.054167 0.248438 0.056250 0.246875 0.056250 0.248438 0.058333 0.248438 0.060417 0.246875 0.062500 0.243750 0.058333 0.240625 0.062500 0.234375 0.062500 0.232813 0.060417 0.232813 0.056250 0.235937 0.052083 0.239063 0.056250 0.242188 0.052083 0.240625 0.050000 0.240625 0.047917 0.234375 0.047917 0.232813 0.045833 0.231250 0.045833 0.231250 0.047917 0.229687 0.050000 0.229687 0.058333 0.228125 0.060417 0.229687 0.062500 0.226562 0.066667 0.223438 0.066667 0.221875 0.064583 0.217188 0.064583 0.217188 0.066667 0.215625 0.068750 0.214062 0.066667 0.210938 0.066667 0.207813 0.062500 0.207813 0.052083 0.204687 0.047917 0.203125 0.047917 0.203125 0.054167 0.204687 0.054167 0.206250 0.056250 0.204687 0.058333 0.203125 0.058333 0.203125 0.064583 0.204687 0.066667 0.206250 0.066667 0.207813 0.068750 0.207813 0.070833 0.209375 0.070833 0.210938 0.068750 0.212500 0.068750 0.214062 0.070833 0.210938 0.075000 0.212500 0.077083 0.214062 0.077083 0.215625 0.079167 0.220312 0.079167 0.221875 0.077083 0.221875 0.075000 0.223438 0.072917 0.225000 0.075000 0.228125 0.075000 0.229687 0.077083 0.232813 0.077083 0.234375 0.079167 0.235937 0.079167 0.239063 0.075000 0.240625 0.077083 0.245312 0.077083 0.246875 0.075000 0.248438 0.075000 0.248438 0.070833 0.250000 0.068750 0.253125 0.068750 0.254688 0.070833 0.256250 0.070833 0.257812 0.072917 0.257812 0.077083 0.254688 0.081250 0.253125 0.079167 0.250000 0.079167 0.250000 0.083333 0.248438 0.085417 0.246875 0.085417 0.246875 0.089583 0.245312 0.091667 0.243750 0.091667 0.240625 0.095833 0.239063 0.095833 0.237500 0.093750 0.234375 0.093750 0.231250 0.089583 0.231250 0.085417 0.228125 0.089583 0.226562 0.089583 0.223438 0.093750 0.218750 0.093750 0.217188 0.095833 0.218750 0.097917 0.217188 0.100000 0.215625 0.100000 0.212500 0.095833 0.207813 0.095833 0.206250 0.093750 0.201563 0.093750 0.200000 0.095833 0.196875 0.091667 0.195312 0.093750 0.193750 0.093750 0.192188 0.095833 0.190625 0.095833 0.189062 0.093750 0.187500 0.093750 0.185938 0.095833 0.181250 0.095833 0.179688 0.097917 0.179688 0.100000 0.182812 0.100000 0.184375 0.102083 0.184375 0.104167 0.182812 0.106250 0.179688 0.106250 0.182812 0.106250 0.184375 0.104167 0.184375 0.102083 0.189062 0.095833 0.190625 0.097917 0.193750 0.097917 0.195312 0.100000 0.196875 0.100000 0.198437 0.102083 0.195312 0.106250 0.195312 0.108333 0.193750 0.110417 0.189062 0.110417 0.189062 0.112500 0.190625 0.114583 0.195312 0.114583 0.198437 0.118750 0.196875 0.120833 0.195312 0.120833 0.195312 0.125000 0.193750 0.127083 0.190625 0.127083 0.189062 0.129167 0.187500 0.129167 0.185938 0.127083 0.184375 0.127083 0.182812 0.129167 0.150000 0.129167 0.148438 0.131250 0.143750 0.131250 0.142187 0.133333 0.139063 0.129167 0.132812 0.129167 0.131250 0.131250 0.112500 0.131250 0.110937 0.133333 0.109375 0.131250 0.096875 0.131250 0.095312 0.133333 0.093750 0.131250 0.092188 0.131250 0.090625 0.129167 0.076563 0.129167 0.075000 0.131250 0.064062 0.131250 0.062500 0.129167 0.032813 0.129167 0.031250 0.131250 0.025000 0.131250 0.023438 0.133333 0.020313 0.133333 0.014063 0.141667 0.014063 0.143750 0.012500 0.145833 0.012500 0.158333 0.010937 0.160417 0.012500 0.162500 0.012500 0.177083 0.014063 0.179167 0.014063 0.208333 0.015625 0.210417 0.015625 0.212500 0.014063 0.214583 0.014063 0.216667 0.015625 0.218750 0.015625 0.225000 0.014063 0.227083 0.015625 0.229167 0.015625 0.237500 0.017188 0.239583 0.015625 0.241667 0.015625 0.243750 0.017188 0.245833 0.017188 0.256250 0.018750 0.258333 0.018750 0.264583 0.017188 0.266667 0.020313 0.270833 0.020313 0.275000 0.018750 0.277083 0.021875 0.281250 0.021875 0.295833 0.023438 0.297917 0.023438 0.312500 0.025000 0.314583 0.025000 0.333333 0.026562 0.335417 0.026562 0.341667 0.025000 0.343750 0.025000 0.345833 0.026562 0.347917 0.026562 0.385417 0.029687 0.389583 0.029687 0.406250 0.031250 0.408333 0.031250 0.414583 0.029687 0.416667 0.029687 0.418750 0.028125 0.420833 0.026562 0.420833 0.026562 0.439583 0.028125 0.441667 0.028125 0.443750 0.026562 0.445833 0.026562 0.452083 0.028125 0.452083 0.029687 0.454167 0.029687 0.460417 0.028125 0.462500 0.028125 0.464583 0.026562 0.466667 0.029687 0.470833 0.029687 0.497917 0.031250 0.500000 0.031250 0.508333 0.029687 0.510417 0.029687 0.512500 0.031250 0.514583 0.031250 0.537500 0.029687 0.539583 0.029687 0.545833 0.031250 0.547917 0.031250 0.556250 0.029687 0.558333 0.029687 0.560417 0.031250 0.562500 0.031250 0.568750 0.029687 0.570833 0.029687 0.577083 0.028125 0.579167 0.026562 0.577083 0.026562 0.575000 0.025000 0.572917 0.025000 0.575000 0.023438 0.577083 0.018750 0.577083 0.018750 0.579167 0.017188 0.581250 0.017188 0.583333 0.018750 0.583333 0.020313 0.581250 0.021875 0.583333 0.021875 0.585417 0.023438 0.587500 0.023438 0.589583 0.020313 0.593750 0.018750 0.593750 0.017188 0.595833 0.017188 0.597917 0.018750 0.600000 0.018750 0.602083 0.021875 0.606250 0.020313 0.608333 0.018750 0.608333 0.017188 0.606250 0.015625 0.606250 0.018750 0.610417 0.020313 0.610417 0.023438 0.614583 0.021875 0.616667 0.018750 0.616667 0.015625 0.620833 0.015625 0.622917 0.018750 0.622917 0.020313 0.625000 0.021875 0.622917 0.026562 0.622917 0.028125 0.625000 0.029687 0.625000 0.031250 0.622917 0.032813 0.622917 0.034375 0.625000 0.035937 0.625000 0.039062 0.629167 0.042188 0.629167 0.043750 0.627083 0.045312 0.629167 0.045312 0.633333 0.046875 0.635417 0.046875 0.639583 0.045312 0.641667 0.042188 0.641667 0.043750 0.643750 0.045312 0.643750 0.045312 0.641667 0.046875 0.639583 0.048438 0.639583 0.050000 0.641667 0.053125 0.641667 0.057813 0.647917 0.057813 0.652083 0.056250 0.654167 0.054688 0.654167 0.053125 0.656250 0.048438 0.656250 0.046875 0.654167 0.045312 0.654167 0.043750 0.652083 0.045312 0.650000 0.043750 0.647917 0.043750 0.652083 0.042188 0.654167 0.040625 0.654167 0.039062 0.656250 0.029687 0.656250 0.029687 0.658333 0.031250 0.660417 0.029687 0.662500 0.020313 0.662500 0.018750 0.660417 0.020313 0.658333 0.021875 0.658333 0.020313 0.656250 0.017188 0.656250 0.017188 0.658333 0.015625 0.660417 0.015625 0.662500 0.014063 0.664583 0.012500 0.664583 0.014063 0.666667 0.014063 0.668750 0.015625 0.670833 0.015625 0.675000 0.017188 0.677083 0.017188 0.679167 0.018750 0.681250 0.021875 0.681250 0.025000 0.677083 0.026562 0.679167 0.034375 0.679167 0.035937 0.681250 0.037500 0.681250 0.040625 0.677083 0.043750 0.677083 0.048438 0.683333 0.053125 0.683333 0.054688 0.685417 0.054688 0.687500 0.056250 0.689583 0.057813 0.687500 0.062500 0.687500 0.064062 0.689583 0.064062 0.687500 0.059375 0.687500 0.056250 0.683333 0.057813 0.681250 0.059375 0.681250 0.060937 0.679167 0.062500 0.679167 0.062500 0.677083 0.064062 0.675000 0.065625 0.675000 0.067187 0.677083 0.065625 0.679167 0.065625 0.681250 0.068750 0.681250 0.068750 0.679167 0.070312 0.677083 0.075000 0.677083 0.076563 0.679167 0.076563 0.681250 0.078125 0.683333 0.078125 0.685417 0.076563 0.687500 0.078125 0.689583 0.090625 0.689583 0.092188 0.691667 0.087500 0.697917 0.085938 0.697917 0.082812 0.693750 0.079687 0.697917 0.078125 0.695833 0.068750 0.695833 0.067187 0.693750 0.065625 0.695833 0.062500 0.695833 0.062500 0.700000 0.060937 0.702083 0.054688 0.702083 0.053125 0.704167 0.050000 0.704167 0.048438 0.702083 0.031250 0.702083 0.029687 0.704167 0.028125 0.704167 0.025000 0.700000 0.023438 0.702083 0.017188 0.702083 0.015625 0.704167 0.012500 0.704167 0.012500 0.708333 0.010937 0.710417 0.010937 0.714583 0.012500 0.716667 0.014063 0.716667 0.015625 0.718750 0.018750 0.718750 0.020313 0.720833 0.021875 0.718750 0.023438 0.718750 0.025000 0.716667 0.028125 0.716667 0.032813 0.722917 0.032813 0.725000 0.031250 0.727083 0.026562 0.727083 0.026562 0.729167 0.025000 0.731250 0.023438 0.731250 0.026562 0.731250 0.028125 0.729167 0.031250 0.729167 0.032813 0.731250 0.032813 0.737500 0.032813 0.733333 0.035937 0.729167 0.037500 0.731250 0.037500 0.733333 0.039062 0.735417 0.040625 0.735417 0.042188 0.733333 0.042188 0.731250 0.043750 0.729167 0.046875 0.733333 0.046875 0.741667 0.045312 0.743750 0.045312 0.756250 0.043750 0.758333 0.040625 0.754167 0.042188 0.752083 0.042188 0.743750 0.040625 0.743750 0.039062 0.741667 0.035937 0.741667 0.035937 0.743750 0.037500 0.743750 0.039062 0.745833 0.039062 0.747917 0.037500 0.750000 0.035937 0.750000 0.029687 0.741667 0.028125 0.741667 0.025000 0.745833 0.023438 0.745833 0.021875 0.743750 0.021875 0.741667 0.018750 0.741667 0.018750 0.743750 0.021875 0.743750 0.023438 0.745833 0.023438 0.747917 0.021875 0.750000 0.017188 0.750000 0.017188 0.752083 0.020313 0.752083 0.021875 0.754167 0.018750 0.758333 0.020313 0.760417 0.021875 0.760417 0.023438 0.762500 0.020313 0.766667 0.018750 0.764583 0.017188 0.764583 0.015625 0.766667 0.015625 0.768750 0.012500 0.772917 0.012500 0.775000 0.015625 0.779167 0.015625 0.781250 0.018750 0.781250 0.018750 0.779167 0.020313 0.777083 0.021875 0.777083 0.023438 0.779167 0.026562 0.779167 0.028125 0.777083 0.029687 0.777083 0.031250 0.775000 0.029687 0.772917 0.023438 0.772917 0.021875 0.770833 0.028125 0.762500 0.029687 0.762500 0.031250 0.764583 0.032813 0.764583 0.034375 0.762500 0.037500 0.762500 0.039062 0.764583 0.040625 0.764583 0.043750 0.760417 0.046875 0.764583 0.046875 0.772917 0.045312 0.775000 0.045312 0.779167 0.046875 0.781250 0.046875 0.802083 0.048438 0.804167 0.048438 0.806250 0.050000 0.808333 0.050000 0.810417 0.048438 0.812500 0.048438 0.818750 0.046875 0.820833 0.045312 0.820833 0.046875 0.822917 0.046875 0.827083 0.048438 0.829167 0.048438 0.831250 0.050000 0.831250 0.051562 0.833333 0.046875 0.839583 0.046875 0.841667 0.048438 0.843750 0.048438 0.847917 0.051562 0.852083 0.051562 0.854167 0.050000 0.856250 0.048438 0.856250 0.048438 0.862500 0.051562 0.866667 0.051562 0.868750 0.053125 0.868750 0.053125 0.860417 0.054688 0.858333 0.056250 0.858333 0.059375 0.854167 0.060937 0.854167 0.065625 0.860417 0.068750 0.860417 0.070312 0.858333 0.075000 0.858333 0.076563 0.860417 0.076563 0.864583 0.075000 0.866667 0.075000 0.868750 0.078125 0.864583 0.079687 0.864583 0.081250 0.866667 0.081250 0.868750 0.079687 0.870833 0.078125 0.870833 0.078125 0.872917 0.079687 0.875000 0.079687 0.879167 0.082812 0.883333 0.082812 0.885417 0.081250 0.887500 0.079687 0.887500 0.079687 0.895833 0.081250 0.895833 0.082812 0.897917 0.081250 0.895833 0.082812 0.893750 0.082812 0.891667 0.081250 0.889583 0.081250 0.887500 0.082812 0.885417 0.082812 0.875000 0.084375 0.872917 0.093750 0.872917 0.093750 0.870833 0.092188 0.868750 0.095312 0.864583 0.096875 0.864583 0.098437 0.866667 0.098437 0.868750 0.101562 0.872917 0.104688 0.872917 0.106250 0.870833 0.107813 0.870833 0.109375 0.872917 0.110937 0.872917 0.112500 0.875000 0.112500 0.877083 0.110937 0.879167 0.117188 0.879167 0.115625 0.877083 0.115625 0.875000 0.117188 0.872917 0.120313 0.872917 0.121875 0.870833 0.123438 0.872917 0.126562 0.872917 0.129688 0.877083 0.128125 0.879167 0.126562 0.879167 0.134375 0.879167 0.132812 0.879167 0.131250 0.877083 0.131250 0.875000 0.132812 0.872917 0.135937 0.872917 0.137500 0.870833 0.139063 0.872917 0.142187 0.872917 0.145313 0.877083 0.148438 0.872917 0.159375 0.872917 0.160938 0.875000 0.162500 0.875000 0.164062 0.872917 0.178125 0.872917 0.179688 0.870833 0.178125 0.868750 0.181250 0.864583 0.182812 0.864583 0.182812 0.860417 0.185938 0.856250 0.189062 0.856250 0.190625 0.854167 0.192188 0.854167 0.195312 0.858333 0.196875 0.858333 0.198437 0.856250 0.214062 0.856250 0.215625 0.854167 0.217188 0.854167 0.217188 0.850000 0.220312 0.845833 0.221875 0.845833 0.223438 0.843750 0.228125 0.843750 0.229687 0.841667 0.232813 0.841667 0.234375 0.843750 0.234375 0.845833 0.235937 0.847917 0.235937 0.850000 0.237500 0.852083 0.234375 0.856250 0.237500 0.856250 0.239063 0.858333 0.242188 0.858333 0.243750 0.856250 0.248438 0.856250 0.248438 0.850000 0.250000 0.847917 0.248438 0.845833 0.248438 0.843750 0.246875 0.841667 0.246875 0.839583 0.248438 0.837500 0.248438 0.835417 0.250000 0.833333 0.253125 0.833333 0.254688 0.835417 0.264062 0.835417 0.265625 0.833333 0.267188 0.833333 0.268750 0.835417 0.275000 0.835417 0.276562 0.837500 0.275000 0.839583 0.270313 0.839583 0.268750 0.841667 0.265625 0.841667 0.264062 0.839583 0.259375 0.839583 0.257812 0.841667 0.262500 0.841667 0.267188 0.847917 0.268750 0.845833 0.271875 0.845833 0.273438 0.843750 0.276562 0.843750 0.278125 0.841667 0.279687 0.841667 0.281250 0.843750 0.282813 0.843750 0.284375 0.841667 0.282813 0.841667 0.279687 0.837500 0.279687 0.835417 0.281250 0.833333 0.284375 0.833333 0.285938 0.835417 0.293750 0.835417 0.295312 0.833333 0.296875 0.833333 0.298438 0.831250 0.303125 0.831250 0.304688 0.833333 0.315625 0.833333 0.317188 0.831250 0.321875 0.831250 0.323437 0.829167 0.331250 0.829167 0.334375 0.825000 0.342187 0.825000 0.343750 0.827083 0.346875 0.827083 0.348438 0.825000 0.359375 0.825000 0.360938 0.827083 0.362500 0.825000 0.365625 0.825000 0.367188 0.827083 0.371875 0.827083 0.373437 0.829167 0.375000 0.829167 0.378125 0.833333 0.378125 0.835417 0.379688 0.837500 0.379688 0.841667 0.381250 0.843750 0.381250 0.850000 0.382812 0.852083 0.381250 0.854167 0.381250 0.856250 0.384375 0.860417 0.385937 0.858333 0.387500 0.858333 0.389062 0.860417 0.389062 0.864583 0.385937 0.868750 0.384375 0.868750 0.384375 0.875000 0.385937 0.872917 0.389062 0.872917 0.393750 0.879167 0.393750 0.881250 0.395313 0.883333 0.395313 0.887500 0.396875 0.887500 0.398438 0.889583 0.398438 0.904167 0.400000 0.906250 0.400000 0.912500 0.398438 0.914583 0.398438 0.918750 0.400000 0.920833 0.403125 0.920833 0.404687 0.922917 0.404687 0.927083 0.406250 0.929167 0.406250 0.943750 0.407813 0.945833 0.407813 0.950000 0.406250 0.952083 0.406250 0.956250 0.407813 0.958333 0.407813 0.960417 0.410938 0.964583 0.409375 0.966667 0.409375 0.968750 0.407813 0.970833 0.407813 0.972917 0.409375 0.975000 0.409375 0.981250 0.412500 0.985417 0.423438 0.985417 0.425000 0.987500 0.432812 0.987500 0.434375 0.985417 0.439063 0.985417 0.440625 0.987500 0.443750 0.987500 0.445312 0.985417 0.453125 0.985417 0.454688 0.987500 0.456250 0.987500 0.457813 0.985417 0.467187 0.985417 0.468750 0.987500 0.479687 0.987500 0.481250 0.985417 0.487500 0.985417 0.489063 0.983333 0.493750 0.983333 0.493750 0.979167 0.492188 0.977083 0.493750 0.975000 0.493750 0.970833 0.492188 0.968750 0.492188 0.966667 0.490625 0.964583 0.490625 0.960417 0.492188 0.958333 0.492188 0.952083 0.493750 0.950000 0.492188 0.947917 0.492188 0.920833 0.493750 0.918750 0.492188 0.916667 0.492188 0.887500 0.490625 0.885417 0.490625 0.881250 0.492188 0.879167 0.492188 0.862500 0.493750 0.860417 0.493750 0.854167 0.492188 0.852083 0.492188 0.850000 0.493750 0.847917 0.493750 0.841667 0.492188 0.839583 0.492188 0.833333 0.493750 0.831250 0.493750 0.829167 0.495312 0.827083 0.495312 0.825000 0.496875 0.822917 0.496875 0.820833 0.495312 0.820833 0.493750 0.818750 0.493750 0.816667 0.495312 0.814583 0.495312 0.812500 0.493750 0.810417 0.493750 0.808333 0.492188 0.806250 0.493750 0.804167 0.495312 0.804167 0.496875 0.806250 0.496875 0.804167 0.495312 0.802083 0.496875 0.800000 0.496875 0.779167 0.498437 0.777083 0.498437 0.775000 0.495312 0.770833 0.495312 0.768750 0.496875 0.766667 0.496875 0.758333 0.493750 0.754167 0.493750 0.750000 0.492188 0.747917 0.490625 0.747917 0.489063 0.745833 0.490625 0.743750 0.490625 0.720833 0.496875 0.712500 0.495312 0.714583 0.493750 0.714583 0.492188 0.712500 0.492188 0.708333 0.495312 0.704167 0.495312 0.702083 0.490625 0.695833 0.484375 0.695833 0.482812 0.693750 0.479687 0.693750 0.478125 0.695833 0.476562 0.693750 0.470313 0.693750 0.468750 0.695833 0.464062 0.695833 0.462500 0.697917 0.460938 0.695833 0.443750 0.695833 0.442188 0.693750 0.440625 0.695833 0.428125 0.695833 0.426563 0.693750 0.425000 0.695833 0.421875 0.695833 0.420312 0.693750 0.418750 0.693750 0.417187 0.695833 0.414062 0.695833 0.412500 0.693750 0.409375 0.693750 0.407813 0.695833 0.396875 0.695833 0.395313 0.693750 0.393750 0.693750 0.392188 0.695833 0.390625 0.693750 0.387500 0.693750 0.385937 0.695833 0.382812 0.695833 0.381250 0.693750 0.378125 0.693750 0.376563 0.695833 0.375000 0.693750 0.364063 0.693750 0.362500 0.695833 0.359375 0.695833 0.357812 0.693750 0.346875 0.693750 0.345313 0.695833 0.343750 0.695833 0.342187 0.693750 0.340625 0.693750 0.339062 0.695833 0.337500 0.695833 0.335938 0.693750 0.323437 0.693750 0.321875 0.695833 0.320312 0.695833 0.318750 0.693750 0.300000 0.693750 0.298438 0.695833 0.296875 0.695833 0.295312 0.693750 0.293750 0.693750 0.292187 0.695833 0.271875 0.695833 0.270313 0.693750 0.268750 0.695833 0.265625 0.695833 0.264062 0.693750 0.262500 0.693750 0.260937 0.695833 0.256250 0.695833 0.254688 0.693750 0.253125 0.695833 0.248438 0.695833 0.246875 0.693750 0.245312 0.695833 0.223438 0.695833 0.218750 0.702083 0.215625 0.702083 0.214062 0.700000 0.212500 0.700000 0.209375 0.704167 0.206250 0.704167 0.204687 0.702083 0.203125 0.702083 0.201563 0.700000 0.201563 0.693750 0.203125 0.691667 0.206250 0.691667 0.207813 0.689583 0.209375 0.689583 0.210938 0.691667 0.215625 0.691667 0.217188 0.689583 0.217188 0.687500 0.215625 0.685417 0.215625 0.681250 0.218750 0.677083 0.218750 0.664583 0.217188 0.662500 0.217188 0.656250 0.220312 0.652083 0.223438 0.652083 0.228125 0.658333 0.228125 0.662500 0.226562 0.664583 0.226562 0.670833 0.225000 0.672917 0.223438 0.672917 0.225000 0.672917 0.228125 0.677083 0.234375 0.677083 0.235937 0.679167 0.235937 0.681250 0.239063 0.681250 0.242188 0.677083 0.243750 0.677083 0.245312 0.679167 0.246875 0.679167 0.248438 0.677083 0.248438 0.675000 0.250000 0.672917 0.250000 0.670833 0.251563 0.668750 0.253125 0.668750 0.254688 0.666667 0.256250 0.668750 0.256250 0.672917 0.257812 0.675000 0.257812 0.677083 0.267188 0.677083 0.268750 0.675000 0.270313 0.675000 0.271875 0.677083 0.270313 0.679167 0.270313 0.681250 0.271875 0.679167 0.281250 0.679167 0.282813 0.681250 0.281250 0.683333 0.279687 0.683333 0.281250 0.685417 0.284375 0.685417 0.285938 0.683333 0.287500 0.685417 0.289062 0.685417 0.290625 0.687500 0.292187 0.685417 0.298438 0.685417 0.300000 0.683333 0.303125 0.683333 0.304688 0.685417 0.307812 0.685417 0.309375 0.683333 0.310937 0.683333 0.310937 0.681250 0.312500 0.679167 0.320312 0.679167 0.321875 0.677083 0.323437 0.677083 0.325000 0.679167 0.326562 0.679167 0.328125 0.681250 0.328125 0.683333 0.329688 0.685417 0.331250 0.683333 0.334375 0.683333 0.335938 0.685417 0.340625 0.685417 0.342187 0.683333 0.343750 0.683333 0.343750 0.681250 0.345313 0.679167 0.346875 0.681250 0.350000 0.681250 0.351562 0.679167 0.354687 0.679167 0.356250 0.681250 0.354687 0.683333 0.353125 0.683333 0.353125 0.685417 0.354687 0.683333 0.356250 0.683333 0.356250 0.681250 0.357812 0.679167 0.364063 0.679167 0.365625 0.681250 0.365625 0.683333 0.368750 0.687500 0.370312 0.685417 0.378125 0.685417 0.379688 0.683333 0.381250 0.685417 0.390625 0.685417 0.392188 0.683333 0.396875 0.683333 0.398438 0.685417 0.401562 0.685417 0.403125 0.683333 0.404687 0.685417 0.409375 0.685417 0.410938 0.683333 0.412500 0.685417 0.417187 0.685417 0.418750 0.683333 0.429688 0.683333 0.431250 0.685417 0.432812 0.685417 0.434375 0.683333 0.435937 0.685417 0.471875 0.685417 0.473438 0.683333 0.475000 0.685417 0.498437 0.685417 0.503125 0.691667 0.500000 0.695833 0.500000 0.700000 0.501563 0.702083 0.510938 0.702083 0.512500 0.700000 0.514062 0.700000 0.517188 0.704167 0.518750 0.704167 0.520312 0.702083 0.525000 0.702083 0.526563 0.700000 0.528125 0.700000 0.525000 0.700000 0.521875 0.695833 0.518750 0.695833 0.518750 0.697917 0.517188 0.700000 0.515625 0.697917 0.515625 0.695833 0.514062 0.693750 0.510938 0.693750 0.509375 0.695833 0.506250 0.691667 0.509375 0.687500 0.517188 0.687500 0.520312 0.683333 0.521875 0.685417 0.523438 0.685417 0.525000 0.687500 0.526563 0.685417 0.576562 0.685417 0.578125 0.683333 0.578125 0.681250 0.579688 0.679167 0.581250 0.681250 0.584375 0.681250 0.587500 0.685417 0.589063 0.683333 0.593750 0.683333 0.593750 0.681250 0.595313 0.679167 0.596875 0.679167 0.601562 0.685417 0.612500 0.685417 0.614062 0.683333 0.615625 0.685417 0.628125 0.685417 0.629687 0.683333 0.631250 0.685417 0.639062 0.685417 0.640625 0.683333 0.642188 0.683333 0.643750 0.681250 0.646875 0.681250 0.650000 0.685417 0.651563 0.683333 0.653125 0.683333 0.654687 0.685417 0.656250 0.685417 0.657813 0.687500 0.659375 0.687500 0.660937 0.685417 0.662500 0.685417 0.664062 0.687500 0.667188 0.687500 0.668750 0.685417 0.678125 0.685417 0.679688 0.687500 0.685937 0.687500 0.687500 0.685417 0.703125 0.685417 0.704688 0.683333 0.709375 0.683333 0.710938 0.685417 0.718750 0.685417 0.720313 0.687500 0.728125 0.687500 0.729688 0.685417 0.735938 0.685417 0.732812 0.681250 0.734375 0.679167 0.745313 0.679167 0.746875 0.681250 0.745313 0.683333 0.740625 0.683333 0.740625 0.685417 0.742188 0.685417 0.743750 0.687500 0.745313 0.685417 0.746875 0.685417 0.750000 0.689583 0.750000 0.691667 0.743750 0.700000 0.740625 0.695833 0.731250 0.695833 0.728125 0.700000 0.725000 0.695833 0.721875 0.695833 0.720313 0.697917 0.720313 0.700000 0.729688 0.700000 0.731250 0.697917 0.734375 0.702083 0.740625 0.702083 0.742188 0.700000 0.748437 0.700000 0.750000 0.702083 0.750000 0.704167 0.751563 0.706250 0.751563 0.710417 0.753125 0.710417 0.754687 0.708333 0.759375 0.708333 0.759375 0.704167 0.760938 0.702083 0.762500 0.702083 0.764062 0.704167 0.764062 0.708333 0.762500 0.710417 0.762500 0.712500 0.765625 0.716667 0.765625 0.720833 0.762500 0.725000 0.760938 0.722917 0.760938 0.720833 0.759375 0.718750 0.759375 0.716667 0.757812 0.716667 0.757812 0.718750 0.756250 0.720833 0.754687 0.720833 0.753125 0.718750 0.753125 0.716667 0.751563 0.714583 0.751563 0.716667 0.750000 0.718750 0.750000 0.722917 0.753125 0.727083 0.748437 0.733333 0.745313 0.733333 0.743750 0.731250 0.740625 0.735417 0.732812 0.735417 0.731250 0.733333 0.728125 0.733333 0.726562 0.735417 0.726562 0.739583 0.725000 0.741667 0.723437 0.741667 0.721875 0.743750 0.721875 0.745833 0.723437 0.747917 0.728125 0.747917 0.729688 0.750000 0.739062 0.750000 0.740625 0.747917 0.746875 0.747917 0.751563 0.754167 0.748437 0.758333 0.745313 0.758333 0.745313 0.760417 0.743750 0.762500 0.740625 0.758333 0.737500 0.758333 0.737500 0.760417 0.735938 0.762500 0.734375 0.760417 0.734375 0.758333 0.720313 0.758333 0.720313 0.762500 0.726562 0.762500 0.728125 0.764583 0.729688 0.762500 0.735938 0.762500 0.737500 0.760417 0.740625 0.760417 0.742188 0.762500 0.745313 0.762500 0.746875 0.760417 0.751563 0.766667 0.751563 0.781250 0.759375 0.781250 0.760938 0.779167 0.767188 0.779167 0.768750 0.777083 0.771875 0.777083 0.773438 0.779167 0.776563 0.779167 0.778125 0.777083 0.779687 0.779167 0.779687 0.781250 0.781250 0.783333 0.781250 0.785417 0.782813 0.787500 0.782813 0.791667 0.781250 0.793750 0.782813 0.795833 0.784375 0.795833 0.784375 0.793750 0.785937 0.791667 0.789062 0.795833 0.792188 0.795833 0.792188 0.793750 0.793750 0.791667 0.795312 0.791667 0.796875 0.793750 0.796875 0.795833 0.795312 0.797917 0.800000 0.804167 0.800000 0.806250 0.803125 0.806250 0.803125 0.804167 0.801562 0.804167 0.800000 0.802083 0.804688 0.795833 0.807813 0.795833 0.809375 0.797917 0.809375 0.793750 0.810937 0.791667 0.810937 0.787500 0.807813 0.787500 0.806250 0.785417 0.804688 0.785417 0.803125 0.783333 0.804688 0.781250 0.807813 0.781250 0.809375 0.783333 0.810937 0.783333 0.810937 0.781250 0.809375 0.779167 0.810937 0.777083 0.810937 0.772917 0.809375 0.770833 0.812500 0.766667 0.810937 0.764583 0.809375 0.764583 0.807813 0.762500 0.809375 0.760417 0.810937 0.760417 0.810937 0.756250 0.809375 0.754167 0.810937 0.752083 0.810937 0.750000 0.809375 0.747917 0.809375 0.745833 0.810937 0.743750 0.809375 0.741667 0.806250 0.745833 0.804688 0.745833 0.804688 0.747917 0.803125 0.750000 0.796875 0.750000 0.793750 0.745833 0.795312 0.743750 0.795312 0.741667 0.793750 0.741667 0.792188 0.739583 0.790625 0.739583 0.792188 0.741667 0.792188 0.743750 0.787500 0.750000 0.782813 0.750000 0.781250 0.747917 0.781250 0.733333 0.779687 0.731250 0.779687 0.725000 0.778125 0.722917 0.779687 0.720833 0.779687 0.718750 0.781250 0.716667 0.784375 0.716667 0.785937 0.714583 0.787500 0.716667 0.800000 0.716667 0.801562 0.714583 0.803125 0.716667 0.815625 0.716667 0.817187 0.714583 0.818750 0.716667 0.846875 0.716667 0.848437 0.714583 0.850000 0.716667 0.875000 0.716667 0.875000 0.706250 0.876563 0.704167 0.879687 0.704167 0.881250 0.702083 0.889062 0.702083 0.890625 0.704167 0.890625 0.708333 0.889062 0.710417 0.887500 0.710417 0.884375 0.714583 0.882812 0.714583 0.882812 0.716667 0.890625 0.716667 0.892188 0.718750 0.895312 0.714583 0.896875 0.716667 0.901563 0.716667 0.903125 0.718750 0.904687 0.718750 0.906250 0.716667 0.906250 0.710417 0.909375 0.706250 0.910937 0.706250 0.914062 0.702083 0.918750 0.702083 0.921875 0.706250 0.921875 0.708333 0.920312 0.710417 0.917188 0.710417 0.915625 0.708333 0.914062 0.708333 0.915625 0.708333 0.917188 0.710417 0.917188 0.712500 0.915625 0.714583 0.914062 0.714583 0.914062 0.716667 0.915625 0.716667 0.917188 0.718750 0.918750 0.718750 0.921875 0.722917 0.923438 0.722917 0.925000 0.720833 0.928125 0.720833 0.929688 0.722917 0.929688 0.725000 0.932813 0.725000 0.934375 0.727083 0.931250 0.731250 0.929688 0.731250 0.932813 0.731250 0.935937 0.727083 0.934375 0.725000 0.934375 0.722917 0.935937 0.720833 0.935937 0.708333 0.934375 0.706250 0.937500 0.702083 0.940625 0.702083 0.942187 0.704167 0.943750 0.702083 0.948438 0.702083 0.950000 0.704167 0.951562 0.704167 0.953125 0.706250 0.953125 0.708333 0.951562 0.710417 0.948438 0.710417 0.946875 0.708333 0.948438 0.710417 0.948438 0.712500 0.946875 0.714583 0.945312 0.714583 0.945312 0.716667 0.946875 0.716667 0.948438 0.718750 0.948438 0.720833 0.946875 0.722917 0.945312 0.722917 0.946875 0.725000 0.948438 0.725000 0.950000 0.727083 0.946875 0.731250 0.948438 0.731250 0.950000 0.729167 0.951562 0.729167 0.951562 0.727083 0.948438 0.722917 0.950000 0.720833 0.951562 0.720833 0.953125 0.722917 0.954688 0.722917 0.956250 0.720833 0.956250 0.718750 0.953125 0.714583 0.953125 0.710417 0.956250 0.706250 0.957812 0.706250 0.960938 0.702083 0.965625 0.702083 0.967187 0.704167 0.967187 0.706250 0.965625 0.708333 0.960938 0.708333 0.962500 0.708333 0.964063 0.710417 0.964063 0.712500 0.962500 0.714583 0.960938 0.714583 0.960938 0.716667 0.959375 0.718750 0.959375 0.720833 0.960938 0.722917 0.960938 0.725000 0.962500 0.725000 0.964063 0.727083 0.964063 0.729167 0.962500 0.731250 0.964063 0.731250 0.965625 0.729167 0.967187 0.729167 0.967187 0.725000 0.968750 0.722917 0.970313 0.722917 0.968750 0.720833 0.968750 0.718750 0.970313 0.716667 0.971875 0.718750 0.973437 0.718750 0.976562 0.722917 0.976562 0.725000 0.975000 0.727083 0.973437 0.727083 0.975000 0.727083 0.976562 0.725000 0.978125 0.725000 0.979688 0.727083 0.976562 0.731250 0.978125 0.733333 0.984375 0.733333 0.985938 0.731250 0.985938 0.727083 0.984375 0.725000 0.984375 0.720833 0.987500 0.716667 0.987500 0.708333 0.984375 0.704167 0.985938 0.702083 0.985938 0.700000 0.984375 0.697917 0.984375 0.693750 0.982812 0.691667 0.979688 0.691667 0.978125 0.689583 0.976562 0.689583 0.975000 0.691667 0.973437 0.691667 0.971875 0.689583 0.970313 0.689583 0.968750 0.691667 0.967187 0.691667 0.965625 0.693750 0.948438 0.693750 0.948438 0.695833 0.946875 0.697917 0.943750 0.693750 0.940625 0.693750 0.940625 0.695833 0.939063 0.697917 0.937500 0.695833 0.937500 0.693750 0.935937 0.691667 0.926562 0.691667 0.925000 0.693750 0.917188 0.693750 0.915625 0.691667 0.914062 0.693750 0.909375 0.693750 0.907813 0.695833 0.906250 0.693750 0.903125 0.693750 0.901563 0.691667 0.895312 0.691667 0.892188 0.695833 0.890625 0.693750 0.885938 0.693750 0.884375 0.691667 0.882812 0.693750 0.878125 0.693750 0.878125 0.695833 0.876563 0.697917 0.875000 0.695833 0.875000 0.689583 0.873437 0.687500 0.873437 0.685417 0.871875 0.683333 0.871875 0.681250 0.873437 0.679167 0.873437 0.677083 0.875000 0.675000 0.875000 0.670833 0.873437 0.668750 0.873437 0.658333 0.876563 0.654167 0.878125 0.654167 0.879687 0.652083 0.881250 0.652083 0.882812 0.654167 0.885938 0.654167 0.887500 0.656250 0.889062 0.654167 0.892188 0.654167 0.895312 0.650000 0.896875 0.650000 0.900000 0.654167 0.909375 0.654167 0.910937 0.652083 0.912500 0.654167 0.917188 0.654167 0.918750 0.656250 0.920312 0.654167 0.923438 0.654167 0.926562 0.650000 0.928125 0.650000 0.929688 0.652083 0.929688 0.654167 0.940625 0.654167 0.942187 0.652083 0.943750 0.654167 0.948438 0.654167 0.950000 0.656250 0.953125 0.656250 0.957812 0.650000 0.960938 0.654167 0.968750 0.654167 0.970313 0.656250 0.970313 0.654167 0.973437 0.650000 0.975000 0.650000 0.976562 0.652083 0.976562 0.654167 0.982812 0.654167 0.982812 0.650000 0.984375 0.647917 0.984375 0.641667 0.985938 0.639583 0.985938 0.635417 0.984375 0.633333 0.984375 0.631250 0.982812 0.629167 0.987500 0.622917 0.987500 0.620833 0.989062 0.618750 0.990625 0.618750 0.992188 0.620833 0.992188 0.625000 0.993750 0.627083 0.993750 0.629167 0.993750 0.620833 0.992188 0.618750 0.993750 0.616667 0.993750 0.606250 0.992188 0.606250 0.990625 0.608333 0.989062 0.608333 0.984375 0.602083 0.984375 0.593750 0.985938 0.591667 0.984375 0.591667 0.982812 0.589583 0.982812 0.585417 0.984375 0.583333 0.984375 0.579167 0.985938 0.577083 0.985938 0.572917 0.984375 0.570833 0.985938 0.568750 0.985938 0.558333 0.984375 0.556250 0.984375 0.554167 0.989062 0.547917 0.987500 0.547917 0.985938 0.545833 0.985938 0.543750 0.984375 0.543750 0.982812 0.541667 0.982812 0.537500 0.984375 0.535417 0.984375 0.533333 0.981250 0.529167 0.981250 0.522917 0.982812 0.520833 0.981250 0.520833 0.981250 0.529167 0.979688 0.531250 0.978125 0.531250 0.978125 0.535417 0.979688 0.537500 0.979688 0.539583 0.978125 0.541667 0.978125 0.543750 0.975000 0.547917 0.976562 0.550000 0.976562 0.552083 0.973437 0.556250 0.971875 0.556250 0.970313 0.554167 0.970313 0.550000 0.971875 0.547917 0.970313 0.547917 0.967187 0.543750 0.968750 0.541667 0.968750 0.520833 0.970313 0.518750 0.970313 0.514583 0.968750 0.512500 0.968750 0.510417 0.970313 0.508333 0.970313 0.502083 0.971875 0.500000 0.970313 0.497917 0.970313 0.495833 0.971875 0.493750 0.971875 0.441667 0.973437 0.439583 0.973437 0.435417 0.971875 0.433333 0.971875 0.427083 0.973437 0.425000 0.973437 0.420833 0.971875 0.418750 0.971875 0.414583 0.973437 0.412500 0.973437 0.389583 0.971875 0.387500 0.971875 0.385417 0.973437 0.383333 0.973437 0.375000 0.975000 0.372917 0.975000 0.354167 0.976562 0.352083 0.975000 0.350000 0.975000 0.347917 0.976562 0.345833 0.976562 0.329167 0.978125 0.327083 0.978125 0.322917 0.979688 0.320833 0.978125 0.318750 0.978125 0.314583 0.979688 0.312500 0.978125 0.310417 0.978125 0.308333 0.979688 0.306250 0.978125 0.304167 0.978125 0.300000 0.979688 0.297917 0.979688 0.281250 0.981250 0.279167 0.981250 0.262500 0.982812 0.260417 0.982812 0.220833 0.984375 0.218750 0.984375 0.197917 0.985938 0.195833 0.985938 0.189583 0.987500 0.187500 0.987500 0.154167 0.985938 0.152083 0.985938 0.145833 0.984375 0.143750 0.984375 0.141667 0.982812 0.139583 0.982812 0.137500 0.981250 0.135417 0.979688 0.135417 0.978125 0.133333 0.973437 0.133333 0.971875 0.131250 0.968750 0.131250 0.967187 0.129167 0.943750 0.129167 0.942187 0.131250 0.940625 0.129167 0.934375 0.129167 0.932813 0.127083 0.929688 0.127083 0.928125 0.129167 0.926562 0.129167 0.925000 0.127083 0.921875 0.127083 0.920312 0.129167 0.918750 0.129167 0.917188 0.127083 0.910937 0.127083 0.909375 0.125000 0.909375 0.120833 0.906250 0.120833 0.904687 0.118750 0.904687 0.116667 0.906250 0.114583 0.904687 0.112500 0.901563 0.112500 0.900000 0.110417 0.900000 0.108333 0.901563 0.106250 0.898438 0.106250 0.896875 0.104167 0.896875 0.102083 0.895312 0.102083 0.893750 0.100000 0.893750 0.093750 0.895312 0.091667 0.900000 0.091667 0.900000 0.089583 0.898438 0.087500 0.900000 0.085417 0.901563 0.085417 0.904687 0.081250 0.904687 0.072917 0.907813 0.068750 0.907813 0.056250 0.909375 0.054167 0.909375 0.050000 0.907813 0.047917 0.907813 0.041667 0.906250 0.039583 0.906250 0.035417 0.904687 0.033333 0.904687 0.027083 0.903125 0.025000 0.903125 0.022917 0.901563 0.022917 0.896875 0.016667 0.896875 0.014583 0.895312 0.012500 0.893750 0.012500 0.892188 0.010417 0.890625 0.010417 0.889062 0.008333 0.884375 0.008333 0.882812 0.006250 0.871875 0.006250 0.870313 0.008333 0.862500 0.008333 0.860938 0.006250 0.857812 0.006250 0.856250 0.008333 0.843750 0.008333 0.842187 0.006250 0.831250 0.006250 0.829688 0.008333 0.828125 0.006250 0.817187 0.006250 0.815625 0.008333 0.814063 0.008333 0.812500 0.006250 0.798438 0.006250 0.796875 0.008333 0.779687 0.008333 0.778125 0.006250 0.775000 0.006250 0.773438 0.008333 0.765625 0.008333 0.764062 0.006250 0.757812 0.006250 0.756250 0.008333 0.753125 0.008333 0.751563 0.010417 0.746875 0.010417 0.745313 0.012500 0.743750 0.012500 0.743750 0.014583 0.742188 0.016667 0.742188 0.020833 0.740625 0.022917 0.740625 0.027083 0.739062 0.029167 0.737500 0.029167 0.735938 0.031250 0.732812 0.031250 0.731250 0.033333 0.731250 0.035417 0.729688 0.037500 0.729688 0.039583 0.728125 0.041667 0.728125 0.043750 0.725000 0.047917 0.725000 0.054167 0.721875 0.058333 0.720313 0.058333 0.720313 0.060417 0.717187 0.064583 0.717187 0.066667 0.715625 0.068750 0.714063 0.068750 0.712500 0.070833 0.710938 0.070833 0.710938 0.077083 0.709375 0.079167 0.709375 0.081250 0.704688 0.087500 0.701562 0.087500 0.700000 0.085417 0.698438 0.087500 0.696875 0.087500 0.695312 0.089583 0.693750 0.089583 0.692187 0.091667 0.681250 0.091667 0.678125 0.095833 0.676562 0.095833 0.675000 0.097917 0.671875 0.097917 0.670312 0.100000 0.667188 0.100000 0.665625 0.102083 0.664062 0.102083 0.664062 0.104167 0.662500 0.106250 0.662500 0.108333 0.660937 0.110417 0.659375 0.108333 0.659375 0.106250 0.656250 0.106250 0.654687 0.104167 0.651563 0.104167 0.650000 0.106250 0.648438 0.106250 0.650000 0.108333 0.653125 0.108333 0.654687 0.110417 0.654687 0.114583 0.651563 0.118750 0.651563 0.120833 0.650000 0.122917 0.654687 0.122917 0.656250 0.125000 0.656250 0.127083 0.654687 0.129167 0.651563 0.129167 0.650000 0.127083 0.645312 0.127083 0.643750 0.129167 0.632812 0.129167 0.629687 0.125000 0.629687 0.122917 0.628125 0.122917 0.623437 0.116667 0.623437 0.112500 0.625000 0.110417 0.623437 0.108333 0.623437 0.106250 0.621875 0.104167 0.621875 0.102083 0.620313 0.100000 0.618750 0.100000 0.618750 0.102083 0.617188 0.104167 0.614062 0.104167 0.607812 0.095833 0.607812 0.089583 0.606250 0.087500 0.606250 0.085417 0.609375 0.081250 0.612500 0.081250 0.614062 0.079167 0.617188 0.079167 0.618750 0.077083 0.621875 0.077083 0.621875 0.070833 0.620313 0.070833 0.618750 0.072917 0.617188 0.070833 0.617188 0.068750 0.615625 0.066667 0.614062 0.066667 0.612500 0.064583 0.610938 0.064583 0.609375 0.062500 0.607812 0.062500 0.606250 0.060417 0.604688 0.060417 0.600000 0.054167 0.598437 0.054167 0.592187 0.045833 0.590625 0.045833 0.589063 0.043750 0.587500 0.043750 0.585938 0.041667 0.584375 0.041667 0.582812 0.039583 0.581250 0.039583 0.579688 0.037500 0.578125 0.037500 0.575000 0.033333 0.568750 0.033333 0.567187 0.031250 0.546875 0.031250 0.545312 0.029167 0.543750 0.029167 0.539062 0.022917 0.539062 0.020833 0.534375 0.014583 0.532813 0.014583 0.529687 0.010417 0.526563 0.010417 0.525000 0.008333 0.517188 0.008333 0.515625 0.006250 0.437500 0.006250 0.435937 0.004167 
