person_58 0.057813 0.991667 0.057813 0.995833 0.059375 0.997917 0.060937 0.995833 0.060937 0.991667 
person_58 0.043750 0.991667 0.042188 0.993750 0.043750 0.993750 
person_58 0.090625 0.983333 0.089063 0.985417 0.079687 0.985417 0.081250 0.985417 0.082812 0.987500 0.082812 0.989583 0.081250 0.991667 0.081250 0.993750 0.090625 0.993750 0.092188 0.991667 0.090625 0.989583 0.090625 0.987500 0.092188 0.985417 
person_58 0.309375 0.943750 0.309375 0.947917 0.307812 0.950000 0.309375 0.950000 
person_58 0.073438 0.937500 0.073438 0.939583 0.070312 0.943750 0.067187 0.943750 0.067187 0.947917 0.068750 0.947917 0.070312 0.950000 0.071875 0.950000 0.073438 0.952083 0.075000 0.952083 0.076563 0.950000 0.076563 0.943750 0.075000 0.941667 0.076563 0.939583 0.075000 0.937500 
person_58 0.026562 0.933333 0.028125 0.935417 0.028125 0.933333 
person_58 0.337500 0.929167 0.335938 0.931250 0.337500 0.933333 0.339062 0.931250 0.339062 0.929167 
person_58 0.325000 0.925000 0.323437 0.927083 0.318750 0.927083 0.315625 0.931250 0.315625 0.933333 0.317188 0.935417 0.318750 0.933333 0.323437 0.933333 0.325000 0.935417 0.325000 0.933333 0.326562 0.931250 0.325000 0.929167 
person_58 0.032813 0.922917 0.032813 0.927083 0.035937 0.927083 0.037500 0.925000 0.039062 0.925000 0.039062 0.922917 
person_58 0.043750 0.920833 0.042188 0.922917 0.042188 0.927083 0.043750 0.929167 0.046875 0.925000 
person_58 0.337500 0.910417 0.337500 0.916667 0.335938 0.918750 0.339062 0.918750 0.340625 0.920833 0.340625 0.918750 0.342187 0.916667 0.342187 0.914583 0.340625 0.912500 0.340625 0.910417 
person_58 0.301563 0.906250 0.301563 0.912500 0.300000 0.914583 0.300000 0.920833 0.301563 0.922917 0.301563 0.929167 0.300000 0.931250 0.300000 0.945833 0.298438 0.947917 0.298438 0.952083 0.300000 0.954167 0.300000 0.956250 0.301563 0.958333 0.300000 0.960417 0.300000 0.966667 0.301563 0.968750 0.303125 0.966667 0.303125 0.956250 0.301563 0.954167 0.304688 0.950000 0.303125 0.947917 0.303125 0.929167 0.301563 0.927083 0.301563 0.922917 0.303125 0.920833 0.303125 0.912500 0.301563 0.910417 
person_58 0.004687 0.906250 0.003125 0.908333 0.004687 0.910417 0.004687 0.916667 0.006250 0.916667 0.007812 0.918750 0.014063 0.918750 0.014063 0.908333 0.012500 0.906250 0.010937 0.906250 0.010937 0.912500 0.009375 0.914583 0.007812 0.914583 0.004687 0.910417 0.006250 0.908333 0.006250 0.906250 
person_58 0.318750 0.895833 0.317188 0.897917 0.317188 0.904167 0.315625 0.906250 0.315625 0.916667 0.314063 0.918750 0.317188 0.922917 0.318750 0.920833 0.320312 0.920833 0.321875 0.918750 0.323437 0.920833 0.325000 0.920833 0.326562 0.918750 0.326562 0.910417 0.325000 0.908333 0.325000 0.902083 0.326562 0.900000 0.326562 0.897917 0.325000 0.895833 
person_58 0.028125 0.879167 0.028125 0.881250 0.026562 0.883333 0.026562 0.885417 0.028125 0.887500 0.028125 0.881250 0.029687 0.879167 
person_58 0.012500 0.879167 0.012500 0.881250 0.010937 0.883333 0.012500 0.885417 
person_58 0.332813 0.877083 0.332813 0.881250 0.331250 0.883333 0.331250 0.887500 0.332813 0.889583 0.335938 0.889583 0.337500 0.891667 0.335938 0.893750 0.334375 0.893750 0.334375 0.895833 0.332813 0.897917 0.332813 0.902083 0.334375 0.902083 0.335938 0.904167 0.340625 0.904167 0.342187 0.902083 0.342187 0.897917 0.340625 0.895833 0.340625 0.887500 0.342187 0.885417 0.342187 0.883333 0.340625 0.881250 0.340625 0.877083 0.339062 0.877083 0.337500 0.879167 0.335938 0.879167 0.334375 0.877083 
person_58 0.043750 0.877083 0.043750 0.881250 0.042188 0.883333 0.042188 0.885417 0.043750 0.887500 0.045312 0.887500 0.043750 0.885417 0.043750 0.883333 0.046875 0.879167 0.045312 0.877083 
person_58 0.020313 0.877083 0.020313 0.879167 0.021875 0.877083 
person_58 0.315625 0.875000 0.314063 0.877083 0.315625 0.879167 0.315625 0.885417 0.314063 0.887500 0.317188 0.891667 0.320312 0.887500 0.323437 0.887500 0.325000 0.889583 0.326562 0.889583 0.328125 0.887500 0.326562 0.885417 0.326562 0.877083 0.323437 0.877083 0.321875 0.879167 0.318750 0.875000 
person_58 0.053125 0.875000 0.051562 0.877083 0.050000 0.877083 0.050000 0.879167 0.051562 0.881250 0.051562 0.883333 0.054688 0.887500 0.059375 0.887500 0.059375 0.883333 0.060937 0.881250 0.060937 0.879167 0.059375 0.877083 0.059375 0.875000 
person_58 0.012500 0.862500 0.012500 0.864583 0.014063 0.864583 0.014063 0.862500 
person_58 0.357812 0.860417 0.359375 0.862500 0.360938 0.862500 0.360938 0.860417 
person_58 0.018750 0.858333 0.017188 0.860417 0.020313 0.864583 0.020313 0.862500 0.021875 0.860417 0.025000 0.860417 0.023438 0.860417 0.021875 0.858333 
person_58 0.106250 0.837500 0.104688 0.839583 0.106250 0.839583 
person_58 0.106250 0.816667 0.106250 0.818750 0.103125 0.822917 0.103125 0.825000 0.100000 0.829167 0.098437 0.829167 0.096875 0.831250 0.098437 0.833333 0.098437 0.831250 0.100000 0.829167 0.101562 0.829167 0.104688 0.825000 0.107813 0.825000 0.106250 0.822917 0.106250 0.818750 0.107813 0.816667 
person_58 0.376563 0.795833 0.375000 0.797917 0.375000 0.802083 0.376563 0.804167 0.378125 0.802083 0.378125 0.800000 0.379688 0.797917 0.378125 0.795833 
person_58 0.376563 0.781250 0.376563 0.789583 0.378125 0.789583 0.379688 0.787500 0.379688 0.785417 0.381250 0.783333 0.382812 0.783333 0.381250 0.781250 
person_58 0.390625 0.766667 0.392188 0.768750 0.393750 0.766667 
person_58 0.348438 0.693750 0.346875 0.695833 0.346875 0.697917 0.345313 0.700000 0.348438 0.700000 
person_58 0.387500 0.664583 0.387500 0.666667 0.389062 0.664583 
person_58 0.403125 0.662500 0.403125 0.666667 0.404687 0.664583 
person_58 0.378125 0.662500 0.378125 0.666667 0.376563 0.668750 0.381250 0.668750 0.381250 0.662500 
person_58 0.395313 0.658333 0.395313 0.662500 0.393750 0.664583 0.395313 0.666667 0.396875 0.666667 0.396875 0.664583 0.395313 0.662500 
person_58 0.362500 0.658333 0.362500 0.664583 0.360938 0.666667 0.360938 0.668750 0.364063 0.668750 0.364063 0.666667 0.365625 0.664583 0.364063 0.662500 0.364063 0.658333 
person_58 0.426563 0.656250 0.425000 0.658333 0.423438 0.658333 0.423438 0.660417 0.420312 0.664583 0.421875 0.666667 0.421875 0.668750 0.428125 0.668750 0.428125 0.658333 
person_58 0.010937 0.629167 0.010937 0.631250 0.012500 0.633333 0.012500 0.635417 0.010937 0.637500 0.012500 0.637500 0.012500 0.633333 0.014063 0.631250 0.014063 0.629167 
person_58 0.028125 0.595833 0.028125 0.606250 0.028125 0.602083 0.031250 0.597917 0.032813 0.597917 0.029687 0.597917 
person_58 0.014063 0.595833 0.012500 0.597917 0.004687 0.597917 0.009375 0.597917 0.010937 0.600000 0.014063 0.600000 0.015625 0.597917 0.020313 0.597917 0.020313 0.595833 
person_58 0.012500 0.570833 0.012500 0.572917 0.010937 0.575000 0.015625 0.575000 
person_58 0.020313 0.564583 0.020313 0.583333 0.020313 0.577083 0.021875 0.575000 0.026562 0.575000 0.028125 0.577083 0.029687 0.575000 0.028125 0.572917 0.028125 0.570833 0.029687 0.568750 0.029687 0.566667 0.028125 0.564583 0.026562 0.566667 0.026562 0.568750 0.028125 0.570833 0.025000 0.575000 0.023438 0.575000 0.021875 0.572917 0.021875 0.564583 
person_58 0.346875 0.537500 0.343750 0.541667 0.343750 0.543750 0.345313 0.545833 0.345313 0.560417 0.345313 0.556250 0.348438 0.552083 0.348438 0.547917 0.351562 0.543750 0.350000 0.541667 0.350000 0.539583 0.348438 0.537500 
person_58 0.443750 0.485417 0.448437 0.485417 0.450000 0.487500 0.450000 0.489583 0.451562 0.489583 0.451562 0.487500 0.453125 0.485417 0.454688 0.485417 0.453125 0.485417 0.451562 0.487500 0.450000 0.487500 0.448437 0.485417 
person_58 0.423438 0.079167 0.421875 0.081250 0.418750 0.081250 0.409375 0.093750 0.406250 0.093750 0.404687 0.095833 0.401562 0.095833 0.400000 0.093750 0.396875 0.097917 0.395313 0.097917 0.395313 0.100000 0.396875 0.102083 0.396875 0.106250 0.395313 0.108333 0.390625 0.108333 0.389062 0.106250 0.389062 0.104167 0.387500 0.102083 0.389062 0.100000 0.389062 0.097917 0.387500 0.097917 0.387500 0.100000 0.385937 0.102083 0.384375 0.102083 0.381250 0.106250 0.381250 0.108333 0.379688 0.110417 0.376563 0.110417 0.376563 0.114583 0.375000 0.116667 0.375000 0.118750 0.373437 0.120833 0.373437 0.125000 0.371875 0.127083 0.370312 0.127083 0.370312 0.129167 0.367188 0.133333 0.367188 0.139583 0.365625 0.141667 0.365625 0.143750 0.362500 0.147917 0.356250 0.147917 0.353125 0.152083 0.353125 0.154167 0.350000 0.158333 0.350000 0.160417 0.346875 0.164583 0.345313 0.164583 0.345313 0.170833 0.343750 0.172917 0.343750 0.185417 0.342187 0.187500 0.342187 0.197917 0.343750 0.200000 0.342187 0.202083 0.342187 0.212500 0.343750 0.214583 0.343750 0.216667 0.345313 0.218750 0.342187 0.222917 0.342187 0.225000 0.340625 0.227083 0.335938 0.227083 0.334375 0.229167 0.332813 0.229167 0.329688 0.233333 0.326562 0.229167 0.325000 0.231250 0.323437 0.231250 0.321875 0.233333 0.321875 0.235417 0.320312 0.237500 0.320312 0.241667 0.318750 0.243750 0.318750 0.245833 0.317188 0.247917 0.317188 0.250000 0.314063 0.254167 0.314063 0.256250 0.312500 0.258333 0.312500 0.264583 0.310937 0.266667 0.310937 0.275000 0.309375 0.277083 0.309375 0.279167 0.310937 0.281250 0.310937 0.283333 0.309375 0.285417 0.309375 0.287500 0.306250 0.291667 0.304688 0.289583 0.256250 0.289583 0.254688 0.287500 0.248438 0.287500 0.246875 0.285417 0.245312 0.285417 0.242188 0.281250 0.240625 0.281250 0.239063 0.279167 0.235937 0.279167 0.232813 0.275000 0.228125 0.275000 0.226562 0.272917 0.214062 0.272917 0.212500 0.275000 0.210938 0.275000 0.209375 0.272917 0.206250 0.272917 0.204687 0.275000 0.176563 0.275000 0.175000 0.277083 0.170313 0.277083 0.168750 0.279167 0.160938 0.279167 0.159375 0.281250 0.123438 0.281250 0.121875 0.279167 0.112500 0.279167 0.110937 0.281250 0.109375 0.279167 0.098437 0.279167 0.096875 0.281250 0.078125 0.281250 0.076563 0.283333 0.075000 0.283333 0.071875 0.287500 0.070312 0.287500 0.068750 0.289583 0.067187 0.289583 0.062500 0.295833 0.060937 0.295833 0.060937 0.297917 0.057813 0.302083 0.056250 0.302083 0.053125 0.306250 0.053125 0.308333 0.051562 0.310417 0.050000 0.310417 0.048438 0.312500 0.046875 0.312500 0.039062 0.322917 0.039062 0.325000 0.035937 0.329167 0.035937 0.331250 0.034375 0.333333 0.034375 0.335417 0.032813 0.337500 0.032813 0.339583 0.031250 0.341667 0.031250 0.345833 0.029687 0.347917 0.029687 0.354167 0.028125 0.356250 0.028125 0.362500 0.026562 0.364583 0.026562 0.366667 0.025000 0.368750 0.025000 0.370833 0.023438 0.372917 0.023438 0.375000 0.020313 0.379167 0.020313 0.383333 0.017188 0.387500 0.017188 0.389583 0.015625 0.391667 0.015625 0.393750 0.014063 0.395833 0.014063 0.400000 0.012500 0.402083 0.010937 0.402083 0.010937 0.404167 0.012500 0.404167 0.014063 0.406250 0.014063 0.410417 0.007812 0.418750 0.007812 0.425000 0.006250 0.427083 0.006250 0.435417 0.007812 0.437500 0.007812 0.452083 0.009375 0.454167 0.009375 0.456250 0.010937 0.458333 0.010937 0.466667 0.009375 0.468750 0.010937 0.470833 0.010937 0.475000 0.012500 0.477083 0.012500 0.497917 0.014063 0.500000 0.014063 0.502083 0.012500 0.504167 0.012500 0.506250 0.014063 0.508333 0.014063 0.514583 0.015625 0.516667 0.015625 0.518750 0.017188 0.518750 0.018750 0.520833 0.018750 0.522917 0.023438 0.529167 0.037500 0.529167 0.039062 0.531250 0.042188 0.531250 0.043750 0.529167 0.045312 0.531250 0.045312 0.539583 0.042188 0.543750 0.043750 0.543750 0.046875 0.547917 0.046875 0.550000 0.045312 0.552083 0.046875 0.554167 0.046875 0.564583 0.045312 0.566667 0.045312 0.579167 0.043750 0.581250 0.042188 0.579167 0.042188 0.577083 0.040625 0.577083 0.039062 0.579167 0.035937 0.579167 0.035937 0.581250 0.040625 0.581250 0.043750 0.585417 0.043750 0.589583 0.048438 0.595833 0.046875 0.597917 0.043750 0.597917 0.043750 0.602083 0.040625 0.606250 0.040625 0.608333 0.039062 0.610417 0.032813 0.610417 0.031250 0.612500 0.029687 0.612500 0.029687 0.614583 0.034375 0.614583 0.035937 0.616667 0.040625 0.610417 0.042188 0.612500 0.042188 0.618750 0.035937 0.627083 0.031250 0.627083 0.031250 0.629167 0.025000 0.637500 0.029687 0.637500 0.029687 0.635417 0.028125 0.633333 0.031250 0.629167 0.032813 0.629167 0.037500 0.635417 0.037500 0.637500 0.039062 0.639583 0.045312 0.639583 0.045312 0.635417 0.043750 0.633333 0.046875 0.629167 0.045312 0.627083 0.045312 0.616667 0.046875 0.614583 0.046875 0.612500 0.045312 0.610417 0.048438 0.606250 0.050000 0.606250 0.046875 0.606250 0.045312 0.604167 0.045312 0.600000 0.046875 0.597917 0.056250 0.597917 0.057813 0.600000 0.057813 0.604167 0.056250 0.606250 0.059375 0.606250 0.060937 0.608333 0.060937 0.631250 0.062500 0.633333 0.062500 0.635417 0.060937 0.637500 0.060937 0.639583 0.062500 0.641667 0.060937 0.643750 0.060937 0.645833 0.064062 0.645833 0.067187 0.650000 0.065625 0.652083 0.065625 0.654167 0.064062 0.656250 0.062500 0.656250 0.060937 0.654167 0.056250 0.654167 0.054688 0.656250 0.050000 0.656250 0.048438 0.658333 0.045312 0.654167 0.045312 0.652083 0.043750 0.650000 0.043750 0.647917 0.045312 0.645833 0.046875 0.645833 0.046875 0.643750 0.042188 0.643750 0.042188 0.650000 0.039062 0.654167 0.037500 0.654167 0.035937 0.656250 0.032813 0.656250 0.028125 0.650000 0.028125 0.647917 0.029687 0.645833 0.028125 0.645833 0.028125 0.647917 0.023438 0.654167 0.021875 0.654167 0.020313 0.656250 0.017188 0.656250 0.014063 0.652083 0.014063 0.643750 0.012500 0.643750 0.010937 0.645833 0.010937 0.650000 0.007812 0.654167 0.006250 0.654167 0.004687 0.656250 0.000000 0.656250 0.000000 0.702083 0.001563 0.702083 0.003125 0.704167 0.001563 0.706250 0.000000 0.706250 0.000000 0.710417 0.001563 0.710417 0.003125 0.712500 0.001563 0.714583 0.000000 0.714583 0.000000 0.716667 0.001563 0.716667 0.003125 0.718750 0.003125 0.720833 0.001563 0.722917 0.000000 0.722917 0.000000 0.733333 0.001563 0.733333 0.003125 0.735417 0.003125 0.739583 0.006250 0.743750 0.006250 0.745833 0.004687 0.747917 0.001563 0.747917 0.000000 0.745833 0.000000 0.827083 0.001563 0.829167 0.000000 0.831250 0.000000 0.850000 0.001563 0.852083 0.001563 0.854167 0.000000 0.856250 0.000000 0.858333 0.001563 0.858333 0.004687 0.862500 0.004687 0.864583 0.007812 0.860417 0.009375 0.860417 0.006250 0.856250 0.007812 0.854167 0.009375 0.854167 0.010937 0.852083 0.012500 0.852083 0.014063 0.850000 0.018750 0.850000 0.020313 0.852083 0.021875 0.852083 0.023438 0.850000 0.023438 0.847917 0.025000 0.845833 0.026562 0.847917 0.026562 0.850000 0.028125 0.850000 0.029687 0.847917 0.029687 0.837500 0.032813 0.833333 0.035937 0.833333 0.037500 0.831250 0.039062 0.831250 0.040625 0.829167 0.042188 0.829167 0.043750 0.827083 0.045312 0.827083 0.045312 0.822917 0.046875 0.820833 0.046875 0.818750 0.048438 0.816667 0.050000 0.816667 0.051562 0.814583 0.054688 0.814583 0.056250 0.816667 0.059375 0.816667 0.060937 0.814583 0.060937 0.812500 0.062500 0.810417 0.065625 0.810417 0.067187 0.808333 0.068750 0.808333 0.071875 0.804167 0.073438 0.804167 0.075000 0.802083 0.082812 0.802083 0.084375 0.800000 0.085938 0.800000 0.087500 0.797917 0.093750 0.797917 0.095312 0.800000 0.096875 0.800000 0.098437 0.802083 0.101562 0.797917 0.104688 0.797917 0.106250 0.800000 0.106250 0.804167 0.104688 0.806250 0.103125 0.806250 0.103125 0.810417 0.101562 0.812500 0.100000 0.812500 0.098437 0.814583 0.095312 0.814583 0.096875 0.816667 0.098437 0.816667 0.100000 0.814583 0.101562 0.814583 0.103125 0.812500 0.104688 0.812500 0.106250 0.810417 0.106250 0.800000 0.104688 0.797917 0.092188 0.797917 0.090625 0.795833 0.090625 0.789583 0.092188 0.787500 0.092188 0.772917 0.093750 0.770833 0.093750 0.764583 0.095312 0.762500 0.098437 0.762500 0.103125 0.768750 0.103125 0.770833 0.106250 0.775000 0.106250 0.779167 0.107813 0.781250 0.107813 0.783333 0.109375 0.785417 0.109375 0.787500 0.112500 0.791667 0.112500 0.793750 0.115625 0.797917 0.115625 0.800000 0.117188 0.802083 0.117188 0.804167 0.118750 0.806250 0.118750 0.808333 0.120313 0.810417 0.121875 0.810417 0.123438 0.812500 0.123438 0.818750 0.125000 0.820833 0.125000 0.822917 0.131250 0.831250 0.131250 0.833333 0.132812 0.835417 0.132812 0.841667 0.134375 0.843750 0.135937 0.843750 0.139063 0.847917 0.139063 0.858333 0.140625 0.860417 0.140625 0.862500 0.145313 0.868750 0.145313 0.872917 0.148438 0.877083 0.148438 0.879167 0.150000 0.881250 0.150000 0.887500 0.153125 0.887500 0.154688 0.889583 0.154688 0.902083 0.156250 0.904167 0.156250 0.906250 0.157812 0.908333 0.157812 0.910417 0.160938 0.914583 0.160938 0.918750 0.164062 0.922917 0.164062 0.927083 0.165625 0.929167 0.165625 0.931250 0.170313 0.937500 0.170313 0.943750 0.171875 0.945833 0.171875 0.952083 0.175000 0.956250 0.175000 0.958333 0.178125 0.962500 0.178125 0.966667 0.179688 0.968750 0.179688 0.970833 0.182812 0.975000 0.181250 0.977083 0.182812 0.977083 0.185938 0.981250 0.185938 0.991667 0.187500 0.993750 0.187500 0.995833 0.189062 0.997917 0.296875 0.997917 0.296875 0.995833 0.298438 0.993750 0.300000 0.993750 0.301563 0.991667 0.301563 0.989583 0.300000 0.987500 0.300000 0.985417 0.298438 0.983333 0.298438 0.981250 0.296875 0.979167 0.296875 0.977083 0.292187 0.970833 0.292187 0.964583 0.290625 0.962500 0.290625 0.958333 0.289062 0.956250 0.289062 0.947917 0.287500 0.945833 0.287500 0.943750 0.285938 0.941667 0.285938 0.933333 0.284375 0.931250 0.284375 0.929167 0.282813 0.927083 0.282813 0.925000 0.281250 0.922917 0.281250 0.920833 0.275000 0.912500 0.275000 0.910417 0.273438 0.908333 0.273438 0.902083 0.271875 0.900000 0.271875 0.895833 0.270313 0.893750 0.270313 0.889583 0.271875 0.887500 0.270313 0.885417 0.270313 0.881250 0.268750 0.879167 0.268750 0.875000 0.264062 0.875000 0.262500 0.872917 0.260937 0.872917 0.257812 0.868750 0.257812 0.864583 0.256250 0.862500 0.256250 0.854167 0.254688 0.852083 0.254688 0.850000 0.253125 0.847917 0.253125 0.839583 0.250000 0.835417 0.250000 0.822917 0.248438 0.820833 0.248438 0.812500 0.246875 0.810417 0.246875 0.800000 0.245312 0.797917 0.246875 0.795833 0.246875 0.787500 0.245312 0.785417 0.245312 0.777083 0.243750 0.775000 0.243750 0.760417 0.242188 0.758333 0.242188 0.756250 0.243750 0.754167 0.243750 0.745833 0.242188 0.743750 0.242188 0.737500 0.243750 0.735417 0.242188 0.733333 0.242188 0.729167 0.240625 0.727083 0.240625 0.725000 0.242188 0.722917 0.242188 0.716667 0.240625 0.714583 0.240625 0.706250 0.242188 0.704167 0.242188 0.700000 0.240625 0.697917 0.240625 0.679167 0.239063 0.677083 0.239063 0.675000 0.240625 0.672917 0.240625 0.664583 0.239063 0.662500 0.239063 0.660417 0.240625 0.658333 0.239063 0.656250 0.239063 0.654167 0.237500 0.652083 0.237500 0.641667 0.239063 0.639583 0.239063 0.637500 0.237500 0.635417 0.237500 0.629167 0.239063 0.627083 0.237500 0.625000 0.237500 0.622917 0.235937 0.620833 0.235937 0.591667 0.237500 0.589583 0.237500 0.581250 0.239063 0.579167 0.237500 0.577083 0.237500 0.572917 0.239063 0.570833 0.239063 0.568750 0.237500 0.566667 0.239063 0.564583 0.239063 0.552083 0.242188 0.547917 0.240625 0.545833 0.240625 0.535417 0.242188 0.533333 0.242188 0.518750 0.245312 0.514583 0.246875 0.514583 0.246875 0.504167 0.245312 0.502083 0.248438 0.497917 0.248438 0.493750 0.246875 0.491667 0.246875 0.483333 0.248438 0.481250 0.248438 0.477083 0.250000 0.475000 0.250000 0.472917 0.251563 0.470833 0.253125 0.472917 0.254688 0.472917 0.256250 0.475000 0.264062 0.475000 0.265625 0.472917 0.270313 0.472917 0.271875 0.470833 0.273438 0.470833 0.275000 0.468750 0.271875 0.464583 0.273438 0.462500 0.278125 0.462500 0.279687 0.460417 0.279687 0.458333 0.285938 0.450000 0.287500 0.450000 0.289062 0.447917 0.290625 0.447917 0.290625 0.445833 0.292187 0.443750 0.293750 0.443750 0.298438 0.437500 0.307812 0.437500 0.309375 0.435417 0.310937 0.435417 0.310937 0.431250 0.312500 0.429167 0.312500 0.427083 0.314063 0.425000 0.315625 0.427083 0.317188 0.427083 0.320312 0.431250 0.320312 0.439583 0.321875 0.441667 0.323437 0.441667 0.325000 0.443750 0.331250 0.443750 0.332813 0.441667 0.337500 0.447917 0.339062 0.445833 0.340625 0.445833 0.342187 0.447917 0.342187 0.450000 0.343750 0.452083 0.343750 0.454167 0.345313 0.454167 0.348438 0.458333 0.350000 0.458333 0.353125 0.462500 0.356250 0.462500 0.359375 0.466667 0.364063 0.466667 0.367188 0.470833 0.370312 0.470833 0.371875 0.472917 0.381250 0.472917 0.382812 0.475000 0.395313 0.475000 0.396875 0.477083 0.412500 0.477083 0.414062 0.479167 0.418750 0.479167 0.420312 0.477083 0.421875 0.477083 0.423438 0.475000 0.451562 0.475000 0.453125 0.472917 0.456250 0.472917 0.457813 0.475000 0.460938 0.470833 0.464062 0.470833 0.465625 0.472917 0.464062 0.470833 0.464062 0.468750 0.460938 0.468750 0.459375 0.466667 0.459375 0.464583 0.460938 0.462500 0.462500 0.462500 0.464062 0.460417 0.468750 0.460417 0.470313 0.462500 0.470313 0.464583 0.471875 0.462500 0.473438 0.462500 0.478125 0.456250 0.485938 0.456250 0.487500 0.454167 0.487500 0.452083 0.485938 0.450000 0.489063 0.445833 0.490625 0.445833 0.490625 0.443750 0.493750 0.439583 0.493750 0.437500 0.490625 0.437500 0.489063 0.435417 0.489063 0.433333 0.493750 0.427083 0.493750 0.425000 0.495312 0.422917 0.495312 0.418750 0.496875 0.416667 0.496875 0.414583 0.500000 0.410417 0.500000 0.408333 0.498437 0.406250 0.496875 0.406250 0.493750 0.402083 0.495312 0.400000 0.495312 0.397917 0.496875 0.395833 0.500000 0.395833 0.503125 0.391667 0.501563 0.389583 0.501563 0.387500 0.503125 0.385417 0.503125 0.383333 0.506250 0.379167 0.506250 0.372917 0.507812 0.370833 0.507812 0.368750 0.509375 0.366667 0.509375 0.364583 0.510938 0.362500 0.510938 0.352083 0.514062 0.347917 0.515625 0.347917 0.517188 0.345833 0.515625 0.343750 0.515625 0.335417 0.517188 0.333333 0.517188 0.320833 0.518750 0.318750 0.518750 0.312500 0.520312 0.310417 0.520312 0.308333 0.521875 0.306250 0.521875 0.304167 0.523438 0.302083 0.523438 0.300000 0.525000 0.297917 0.525000 0.293750 0.529687 0.287500 0.532813 0.287500 0.535937 0.283333 0.535937 0.277083 0.539062 0.272917 0.539062 0.270833 0.542188 0.266667 0.540625 0.264583 0.540625 0.262500 0.542188 0.260417 0.542188 0.256250 0.545312 0.252083 0.545312 0.243750 0.546875 0.241667 0.546875 0.216667 0.545312 0.214583 0.545312 0.212500 0.546875 0.210417 0.546875 0.206250 0.545312 0.204167 0.545312 0.200000 0.543750 0.197917 0.543750 0.195833 0.542188 0.193750 0.542188 0.187500 0.540625 0.185417 0.540625 0.183333 0.539062 0.181250 0.539062 0.179167 0.537500 0.177083 0.537500 0.168750 0.535937 0.166667 0.535937 0.162500 0.529687 0.162500 0.528125 0.160417 0.526563 0.160417 0.523438 0.156250 0.525000 0.154167 0.526563 0.154167 0.528125 0.152083 0.529687 0.152083 0.529687 0.150000 0.525000 0.150000 0.521875 0.145833 0.521875 0.143750 0.520312 0.143750 0.518750 0.141667 0.518750 0.137500 0.520312 0.135417 0.521875 0.135417 0.521875 0.129167 0.520312 0.129167 0.518750 0.127083 0.518750 0.125000 0.520312 0.122917 0.523438 0.122917 0.525000 0.120833 0.521875 0.116667 0.521875 0.114583 0.518750 0.114583 0.517188 0.112500 0.517188 0.110417 0.515625 0.112500 0.510938 0.112500 0.509375 0.110417 0.510938 0.108333 0.514062 0.108333 0.514062 0.104167 0.512500 0.102083 0.512500 0.097917 0.510938 0.097917 0.509375 0.095833 0.507812 0.095833 0.506250 0.097917 0.503125 0.097917 0.501563 0.100000 0.500000 0.097917 0.500000 0.095833 0.496875 0.095833 0.495312 0.093750 0.485938 0.093750 0.482812 0.089583 0.482812 0.087500 0.475000 0.087500 0.475000 0.089583 0.473438 0.091667 0.470313 0.091667 0.468750 0.089583 0.468750 0.087500 0.460938 0.087500 0.460938 0.089583 0.459375 0.091667 0.457813 0.091667 0.456250 0.089583 0.456250 0.087500 0.453125 0.087500 0.451562 0.085417 0.446875 0.085417 0.445312 0.087500 0.443750 0.087500 0.443750 0.089583 0.442188 0.091667 0.443750 0.091667 0.445312 0.093750 0.443750 0.095833 0.440625 0.095833 0.439063 0.093750 0.437500 0.093750 0.435937 0.091667 0.431250 0.091667 0.429688 0.089583 0.426563 0.089583 0.425000 0.091667 0.423438 0.091667 0.421875 0.089583 0.421875 0.081250 0.423438 0.079167 0.425000 0.081250 0.425000 0.083333 0.428125 0.083333 0.426563 0.081250 0.425000 0.081250 
