rock_58 0.004687 0.875000 0.004687 0.879167 0.006250 0.877083 0.010937 0.877083 0.009375 0.877083 0.007812 0.875000 
rock_58 0.134375 0.545833 0.132812 0.547917 0.131250 0.547917 0.132812 0.550000 0.134375 0.550000 0.135937 0.547917 
rock_58 0.150000 0.531250 0.150000 0.535417 0.151562 0.533333 0.151562 0.531250 
rock_58 0.150000 0.522917 0.150000 0.527083 0.153125 0.527083 0.153125 0.525000 0.151562 0.522917 
rock_58 0.020313 0.477083 0.018750 0.479167 0.018750 0.481250 0.015625 0.485417 0.015625 0.489583 0.014063 0.491667 0.012500 0.491667 0.012500 0.497917 0.010937 0.500000 0.010937 0.502083 0.009375 0.504167 0.009375 0.510417 0.012500 0.510417 0.014063 0.512500 0.012500 0.514583 0.007812 0.514583 0.007812 0.516667 0.006250 0.518750 0.006250 0.527083 0.003125 0.531250 0.003125 0.541667 0.004687 0.543750 0.001563 0.547917 0.004687 0.552083 0.006250 0.552083 0.009375 0.547917 0.010937 0.547917 0.009375 0.547917 0.007812 0.545833 0.006250 0.545833 0.004687 0.543750 0.007812 0.539583 0.009375 0.539583 0.015625 0.531250 0.017188 0.531250 0.015625 0.531250 0.014063 0.533333 0.012500 0.533333 0.007812 0.527083 0.010937 0.522917 0.015625 0.522917 0.017188 0.525000 0.017188 0.522917 0.018750 0.520833 0.020313 0.520833 0.020313 0.518750 0.021875 0.516667 0.018750 0.512500 0.018750 0.508333 0.021875 0.504167 0.021875 0.497917 0.020313 0.495833 0.021875 0.493750 0.021875 0.489583 0.025000 0.485417 0.023438 0.485417 0.020313 0.481250 
rock_58 0.025000 0.454167 0.025000 0.456250 0.026562 0.454167 
rock_58 0.031250 0.437500 0.032813 0.439583 0.039062 0.439583 0.039062 0.437500 
rock_58 0.137500 0.433333 0.137500 0.435417 0.139063 0.433333 
rock_58 0.981250 0.425000 0.978125 0.429167 0.976562 0.429167 0.975000 0.431250 0.976562 0.433333 0.982812 0.433333 0.984375 0.431250 0.981250 0.427083 
rock_58 0.992188 0.414583 0.993750 0.416667 0.993750 0.414583 
rock_58 0.996875 0.395833 0.995313 0.397917 0.992188 0.397917 0.992188 0.400000 0.995313 0.400000 0.995313 0.397917 0.996875 0.395833 0.998437 0.395833 
rock_58 0.420312 0.320833 0.421875 0.322917 0.425000 0.322917 0.425000 0.320833 
rock_58 0.414062 0.312500 0.414062 0.314583 0.415625 0.314583 0.415625 0.312500 
rock_58 0.429688 0.304167 0.429688 0.306250 0.432812 0.306250 0.431250 0.304167 
rock_58 0.421875 0.304167 0.420312 0.306250 0.423438 0.306250 0.423438 0.304167 
rock_58 0.453125 0.295833 0.451562 0.297917 0.454688 0.302083 0.453125 0.304167 0.453125 0.306250 0.454688 0.306250 0.454688 0.302083 0.457813 0.297917 0.459375 0.297917 0.460938 0.300000 0.462500 0.300000 0.464062 0.297917 0.462500 0.295833 0.460938 0.295833 0.459375 0.297917 0.456250 0.297917 0.454688 0.295833 
rock_58 0.439063 0.295833 0.437500 0.297917 0.437500 0.300000 0.439063 0.302083 0.435937 0.306250 0.448437 0.306250 0.448437 0.304167 0.440625 0.304167 0.439063 0.302083 0.442188 0.297917 0.443750 0.297917 0.445312 0.300000 0.446875 0.300000 0.448437 0.297917 0.440625 0.297917 
rock_58 0.437500 0.289583 0.439063 0.291667 0.440625 0.289583 0.448437 0.289583 
rock_58 0.406250 0.289583 0.407813 0.291667 0.409375 0.289583 
rock_58 0.414062 0.287500 0.412500 0.289583 0.414062 0.291667 0.418750 0.291667 0.420312 0.289583 0.423438 0.289583 0.417187 0.289583 0.415625 0.287500 
rock_58 0.459375 0.281250 0.459375 0.283333 0.462500 0.283333 0.462500 0.281250 
rock_58 0.453125 0.281250 0.453125 0.283333 0.456250 0.283333 0.456250 0.281250 
rock_58 0.414062 0.281250 0.414062 0.283333 0.415625 0.283333 0.415625 0.281250 
rock_58 0.492188 0.272917 0.490625 0.275000 0.495312 0.275000 0.495312 0.272917 
rock_58 0.412500 0.272917 0.412500 0.275000 0.414062 0.275000 0.415625 0.277083 0.417187 0.275000 0.423438 0.275000 0.418750 0.275000 0.417187 0.272917 
rock_58 0.407813 0.272917 0.406250 0.275000 0.409375 0.275000 0.409375 0.272917 
rock_58 0.493750 0.264583 0.492188 0.266667 0.495312 0.266667 
rock_58 0.415625 0.264583 0.414062 0.266667 0.407813 0.266667 0.407813 0.268750 0.409375 0.268750 0.410938 0.266667 0.412500 0.268750 0.415625 0.268750 0.417187 0.266667 
rock_58 0.492188 0.250000 0.492188 0.252083 0.495312 0.252083 0.495312 0.250000 
rock_58 0.492188 0.241667 0.492188 0.243750 0.496875 0.243750 0.495312 0.243750 0.493750 0.241667 
rock_58 0.401562 0.231250 0.400000 0.233333 0.400000 0.235417 0.398438 0.237500 0.398438 0.239583 0.400000 0.239583 0.403125 0.235417 0.403125 0.231250 
rock_58 0.493750 0.225000 0.492188 0.227083 0.490625 0.227083 0.492188 0.229167 0.493750 0.229167 0.495312 0.227083 0.496875 0.227083 0.495312 0.227083 
rock_58 0.360938 0.218750 0.360938 0.220833 0.362500 0.220833 0.362500 0.218750 
rock_58 0.493750 0.216667 0.492188 0.218750 0.492188 0.220833 0.496875 0.220833 0.496875 0.218750 0.495312 0.218750 
rock_58 0.417187 0.212500 0.415625 0.214583 0.417187 0.216667 0.418750 0.216667 0.420312 0.218750 0.421875 0.218750 0.423438 0.220833 0.425000 0.218750 0.426563 0.218750 0.426563 0.216667 0.428125 0.214583 0.428125 0.212500 
rock_58 0.351562 0.210417 0.351562 0.212500 0.353125 0.212500 0.353125 0.210417 
rock_58 0.351562 0.204167 0.351562 0.206250 0.353125 0.204167 
rock_58 0.492188 0.195833 0.493750 0.197917 0.495312 0.195833 
rock_58 0.406250 0.187500 0.406250 0.189583 0.407813 0.191667 0.407813 0.193750 0.406250 0.195833 0.406250 0.197917 0.407813 0.200000 0.407813 0.202083 0.406250 0.204167 0.409375 0.204167 0.407813 0.202083 0.407813 0.200000 0.410938 0.195833 0.412500 0.197917 0.418750 0.197917 0.420312 0.195833 0.418750 0.193750 0.418750 0.191667 0.420312 0.189583 0.425000 0.189583 0.425000 0.187500 
rock_58 0.462500 0.181250 0.459375 0.185417 0.460938 0.187500 0.464062 0.187500 0.465625 0.185417 0.467187 0.185417 0.468750 0.187500 0.468750 0.189583 0.471875 0.189583 0.473438 0.187500 0.468750 0.187500 0.467187 0.185417 0.467187 0.183333 0.468750 0.181250 
rock_58 0.400000 0.179167 0.398438 0.181250 0.401562 0.181250 
rock_58 0.382812 0.179167 0.382812 0.181250 0.385937 0.181250 0.384375 0.179167 
rock_58 0.507812 0.172917 0.509375 0.175000 0.509375 0.172917 
rock_58 0.360938 0.172917 0.360938 0.175000 0.362500 0.172917 0.364063 0.172917 
rock_58 0.478125 0.168750 0.478125 0.175000 0.479687 0.175000 0.481250 0.172917 0.489063 0.172917 0.485938 0.172917 0.482812 0.168750 
rock_58 0.515625 0.145833 0.512500 0.150000 0.507812 0.150000 0.504687 0.154167 0.503125 0.154167 0.501563 0.156250 0.500000 0.156250 0.496875 0.152083 0.495312 0.152083 0.493750 0.154167 0.498437 0.154167 0.500000 0.156250 0.500000 0.162500 0.503125 0.162500 0.504687 0.160417 0.510938 0.160417 0.512500 0.158333 0.515625 0.158333 0.517188 0.156250 0.514062 0.156250 0.510938 0.152083 0.512500 0.150000 0.517188 0.150000 0.518750 0.147917 0.518750 0.145833 
rock_58 0.525000 0.139583 0.523438 0.141667 0.521875 0.141667 0.521875 0.143750 0.525000 0.143750 0.526563 0.141667 0.526563 0.139583 
rock_58 0.431250 0.139583 0.429688 0.141667 0.407813 0.141667 0.407813 0.150000 0.409375 0.147917 0.407813 0.145833 0.410938 0.141667 0.412500 0.141667 0.415625 0.145833 0.414062 0.147917 0.414062 0.150000 0.415625 0.150000 0.415625 0.143750 0.417187 0.141667 0.420312 0.141667 0.421875 0.143750 0.423438 0.143750 0.425000 0.141667 0.428125 0.141667 0.429688 0.143750 0.429688 0.147917 0.428125 0.150000 0.431250 0.154167 0.432812 0.152083 0.434375 0.152083 0.435937 0.150000 0.439063 0.150000 0.439063 0.147917 0.432812 0.147917 0.431250 0.145833 0.434375 0.141667 0.435937 0.141667 0.437500 0.143750 0.439063 0.143750 0.440625 0.141667 0.432812 0.141667 
rock_58 0.460938 0.125000 0.460938 0.127083 0.462500 0.127083 0.462500 0.125000 
rock_58 0.454688 0.125000 0.454688 0.127083 0.456250 0.127083 
rock_58 0.437500 0.125000 0.435937 0.127083 0.437500 0.129167 0.437500 0.131250 0.435937 0.133333 0.439063 0.133333 0.439063 0.129167 0.440625 0.127083 0.440625 0.125000 
rock_58 0.423438 0.125000 0.423438 0.131250 0.423438 0.129167 0.425000 0.127083 0.428125 0.127083 0.429688 0.129167 0.429688 0.133333 0.431250 0.135417 0.432812 0.133333 0.431250 0.131250 0.431250 0.129167 0.432812 0.127083 0.431250 0.125000 0.428125 0.125000 0.426563 0.127083 0.425000 0.125000 
rock_58 0.460938 0.116667 0.460938 0.118750 0.462500 0.120833 0.464062 0.118750 0.462500 0.116667 
rock_58 0.525000 0.085417 0.525000 0.087500 0.526563 0.087500 
rock_58 0.579688 0.000000 0.579688 0.002083 0.575000 0.008333 0.573438 0.008333 0.570312 0.012500 0.570312 0.016667 0.568750 0.018750 0.568750 0.020833 0.567187 0.022917 0.565625 0.022917 0.564063 0.025000 0.565625 0.027083 0.565625 0.029167 0.564063 0.031250 0.564063 0.033333 0.565625 0.035417 0.565625 0.041667 0.567187 0.043750 0.567187 0.045833 0.568750 0.047917 0.570312 0.047917 0.571875 0.050000 0.573438 0.050000 0.575000 0.052083 0.573438 0.054167 0.571875 0.054167 0.571875 0.060417 0.573438 0.058333 0.576562 0.058333 0.578125 0.056250 0.579688 0.058333 0.581250 0.058333 0.582812 0.060417 0.584375 0.060417 0.589063 0.066667 0.589063 0.068750 0.587500 0.070833 0.587500 0.075000 0.585938 0.077083 0.585938 0.079167 0.584375 0.081250 0.584375 0.083333 0.582812 0.085417 0.578125 0.085417 0.573438 0.091667 0.573438 0.097917 0.570312 0.102083 0.568750 0.102083 0.567187 0.104167 0.565625 0.104167 0.565625 0.106250 0.564063 0.108333 0.562500 0.108333 0.559375 0.112500 0.557813 0.110417 0.556250 0.110417 0.556250 0.112500 0.551562 0.118750 0.550000 0.118750 0.551562 0.120833 0.548438 0.125000 0.545312 0.120833 0.543750 0.120833 0.540625 0.125000 0.542188 0.125000 0.543750 0.122917 0.546875 0.127083 0.554688 0.127083 0.554688 0.125000 0.553125 0.125000 0.551562 0.122917 0.551562 0.120833 0.553125 0.118750 0.556250 0.118750 0.559375 0.114583 0.562500 0.118750 0.562500 0.122917 0.560937 0.125000 0.560937 0.131250 0.559375 0.133333 0.556250 0.133333 0.556250 0.135417 0.557813 0.137500 0.556250 0.139583 0.556250 0.141667 0.557813 0.139583 0.559375 0.139583 0.560937 0.141667 0.560937 0.143750 0.557813 0.147917 0.554688 0.147917 0.551562 0.152083 0.550000 0.150000 0.548438 0.150000 0.550000 0.150000 0.551562 0.152083 0.551562 0.154167 0.553125 0.154167 0.554688 0.156250 0.554688 0.158333 0.553125 0.160417 0.553125 0.162500 0.551562 0.164583 0.546875 0.164583 0.546875 0.166667 0.545312 0.168750 0.542188 0.168750 0.545312 0.168750 0.546875 0.170833 0.546875 0.175000 0.545312 0.177083 0.543750 0.177083 0.542188 0.175000 0.540625 0.175000 0.539062 0.177083 0.537500 0.177083 0.535937 0.179167 0.526563 0.179167 0.525000 0.177083 0.525000 0.172917 0.523438 0.172917 0.525000 0.175000 0.525000 0.177083 0.523438 0.179167 0.523438 0.183333 0.525000 0.185417 0.528125 0.185417 0.529687 0.187500 0.529687 0.193750 0.528125 0.195833 0.526563 0.195833 0.525000 0.197917 0.525000 0.202083 0.526563 0.204167 0.525000 0.206250 0.525000 0.208333 0.523438 0.210417 0.523438 0.214583 0.525000 0.216667 0.525000 0.222917 0.523438 0.225000 0.523438 0.231250 0.521875 0.233333 0.521875 0.235417 0.520312 0.237500 0.520312 0.239583 0.518750 0.241667 0.517188 0.241667 0.515625 0.243750 0.517188 0.243750 0.518750 0.245833 0.515625 0.250000 0.514062 0.250000 0.514062 0.254167 0.510938 0.258333 0.510938 0.262500 0.512500 0.264583 0.512500 0.270833 0.510938 0.272917 0.510938 0.279167 0.509375 0.281250 0.507812 0.281250 0.507812 0.287500 0.506250 0.289583 0.506250 0.293750 0.504687 0.295833 0.503125 0.295833 0.501563 0.297917 0.498437 0.293750 0.500000 0.291667 0.500000 0.289583 0.498437 0.287500 0.498437 0.281250 0.481250 0.281250 0.479687 0.279167 0.479687 0.277083 0.481250 0.275000 0.487500 0.275000 0.485938 0.275000 0.484375 0.272917 0.479687 0.272917 0.478125 0.270833 0.481250 0.266667 0.487500 0.266667 0.481250 0.266667 0.479687 0.264583 0.468750 0.264583 0.468750 0.268750 0.470313 0.270833 0.468750 0.272917 0.467187 0.272917 0.465625 0.275000 0.464062 0.272917 0.450000 0.272917 0.448437 0.270833 0.450000 0.268750 0.456250 0.268750 0.457813 0.266667 0.464062 0.266667 0.456250 0.266667 0.454688 0.264583 0.453125 0.264583 0.451562 0.266667 0.450000 0.266667 0.448437 0.264583 0.445312 0.264583 0.443750 0.262500 0.445312 0.260417 0.448437 0.260417 0.450000 0.258333 0.451562 0.258333 0.453125 0.260417 0.456250 0.260417 0.457813 0.258333 0.459375 0.258333 0.460938 0.260417 0.462500 0.260417 0.464062 0.258333 0.456250 0.258333 0.454688 0.256250 0.453125 0.256250 0.451562 0.258333 0.450000 0.258333 0.448437 0.256250 0.448437 0.254167 0.450000 0.252083 0.462500 0.252083 0.464062 0.250000 0.457813 0.250000 0.456250 0.247917 0.457813 0.245833 0.462500 0.245833 0.464062 0.243750 0.467187 0.243750 0.470313 0.247917 0.468750 0.250000 0.470313 0.252083 0.475000 0.252083 0.476562 0.254167 0.475000 0.256250 0.473438 0.256250 0.471875 0.258333 0.467187 0.258333 0.468750 0.260417 0.485938 0.260417 0.487500 0.258333 0.490625 0.258333 0.492188 0.260417 0.496875 0.260417 0.496875 0.258333 0.495312 0.256250 0.493750 0.256250 0.492188 0.258333 0.481250 0.258333 0.478125 0.254167 0.481250 0.250000 0.482812 0.250000 0.484375 0.252083 0.485938 0.252083 0.485938 0.250000 0.482812 0.250000 0.481250 0.247917 0.484375 0.243750 0.484375 0.241667 0.482812 0.241667 0.481250 0.239583 0.484375 0.235417 0.487500 0.235417 0.485938 0.235417 0.482812 0.231250 0.485938 0.227083 0.487500 0.227083 0.481250 0.227083 0.479687 0.225000 0.479687 0.222917 0.481250 0.220833 0.485938 0.220833 0.487500 0.218750 0.485938 0.216667 0.482812 0.220833 0.481250 0.220833 0.478125 0.216667 0.476562 0.216667 0.475000 0.218750 0.471875 0.218750 0.470313 0.216667 0.468750 0.218750 0.467187 0.218750 0.467187 0.220833 0.468750 0.222917 0.465625 0.227083 0.464062 0.227083 0.462500 0.225000 0.460938 0.225000 0.459375 0.227083 0.457813 0.227083 0.456250 0.225000 0.456250 0.222917 0.457813 0.220833 0.464062 0.220833 0.462500 0.218750 0.460938 0.220833 0.456250 0.220833 0.454688 0.218750 0.453125 0.218750 0.451562 0.220833 0.448437 0.220833 0.446875 0.218750 0.445312 0.218750 0.443750 0.220833 0.442188 0.220833 0.440625 0.218750 0.439063 0.218750 0.439063 0.220833 0.442188 0.220833 0.443750 0.222917 0.443750 0.225000 0.445312 0.227083 0.446875 0.227083 0.446875 0.225000 0.450000 0.220833 0.451562 0.220833 0.453125 0.222917 0.453125 0.227083 0.454688 0.229167 0.456250 0.229167 0.457813 0.227083 0.459375 0.227083 0.460938 0.229167 0.464062 0.229167 0.465625 0.227083 0.468750 0.231250 0.468750 0.233333 0.467187 0.235417 0.468750 0.237500 0.468750 0.239583 0.465625 0.243750 0.462500 0.239583 0.464062 0.237500 0.464062 0.235417 0.462500 0.233333 0.453125 0.233333 0.451562 0.235417 0.448437 0.235417 0.446875 0.233333 0.439063 0.233333 0.437500 0.235417 0.437500 0.237500 0.439063 0.239583 0.437500 0.241667 0.437500 0.243750 0.439063 0.245833 0.439063 0.247917 0.437500 0.250000 0.437500 0.256250 0.435937 0.258333 0.429688 0.258333 0.429688 0.260417 0.431250 0.262500 0.429688 0.264583 0.429688 0.266667 0.431250 0.266667 0.431250 0.262500 0.434375 0.258333 0.437500 0.262500 0.437500 0.264583 0.435937 0.266667 0.437500 0.268750 0.437500 0.270833 0.434375 0.275000 0.432812 0.272917 0.429688 0.272917 0.429688 0.275000 0.431250 0.277083 0.432812 0.275000 0.435937 0.275000 0.439063 0.279167 0.437500 0.281250 0.439063 0.283333 0.440625 0.283333 0.442188 0.281250 0.443750 0.281250 0.445312 0.283333 0.446875 0.283333 0.448437 0.281250 0.446875 0.281250 0.445312 0.279167 0.446875 0.277083 0.448437 0.277083 0.450000 0.275000 0.451562 0.275000 0.453125 0.277083 0.454688 0.277083 0.456250 0.275000 0.459375 0.275000 0.460938 0.277083 0.462500 0.277083 0.464062 0.275000 0.467187 0.275000 0.468750 0.277083 0.468750 0.279167 0.467187 0.281250 0.467187 0.283333 0.468750 0.285417 0.468750 0.287500 0.467187 0.289583 0.467187 0.291667 0.468750 0.293750 0.468750 0.295833 0.467187 0.297917 0.468750 0.300000 0.468750 0.302083 0.465625 0.306250 0.464062 0.304167 0.460938 0.304167 0.460938 0.308333 0.457813 0.312500 0.456250 0.310417 0.454688 0.310417 0.453125 0.312500 0.451562 0.312500 0.450000 0.314583 0.448437 0.312500 0.440625 0.312500 0.439063 0.310417 0.437500 0.312500 0.437500 0.316667 0.434375 0.320833 0.432812 0.320833 0.431250 0.318750 0.429688 0.320833 0.428125 0.320833 0.429688 0.322917 0.434375 0.322917 0.435937 0.325000 0.435937 0.331250 0.434375 0.333333 0.432812 0.331250 0.432812 0.329167 0.431250 0.327083 0.429688 0.327083 0.429688 0.331250 0.426563 0.335417 0.421875 0.335417 0.420312 0.333333 0.423438 0.329167 0.423438 0.327083 0.421875 0.327083 0.420312 0.329167 0.418750 0.329167 0.417187 0.327083 0.410938 0.327083 0.409375 0.325000 0.410938 0.322917 0.415625 0.322917 0.417187 0.320833 0.415625 0.318750 0.412500 0.318750 0.410938 0.316667 0.410938 0.314583 0.409375 0.312500 0.409375 0.310417 0.412500 0.306250 0.414062 0.308333 0.415625 0.308333 0.417187 0.306250 0.417187 0.295833 0.414062 0.295833 0.412500 0.297917 0.410938 0.297917 0.409375 0.295833 0.407813 0.295833 0.406250 0.297917 0.406250 0.304167 0.404687 0.306250 0.406250 0.308333 0.403125 0.312500 0.400000 0.308333 0.401562 0.306250 0.398438 0.302083 0.400000 0.300000 0.400000 0.295833 0.396875 0.295833 0.395313 0.293750 0.396875 0.291667 0.400000 0.291667 0.401562 0.289583 0.398438 0.285417 0.400000 0.283333 0.398438 0.283333 0.396875 0.285417 0.395313 0.285417 0.392188 0.281250 0.389062 0.281250 0.387500 0.279167 0.387500 0.275000 0.384375 0.270833 0.384375 0.268750 0.385937 0.266667 0.384375 0.266667 0.381250 0.262500 0.381250 0.260417 0.389062 0.250000 0.387500 0.247917 0.390625 0.243750 0.382812 0.243750 0.381250 0.245833 0.379688 0.245833 0.375000 0.252083 0.375000 0.254167 0.373437 0.256250 0.370312 0.256250 0.368750 0.258333 0.367188 0.256250 0.365625 0.256250 0.364063 0.254167 0.364063 0.250000 0.362500 0.247917 0.362500 0.241667 0.357812 0.241667 0.356250 0.239583 0.356250 0.237500 0.357812 0.235417 0.360938 0.235417 0.364063 0.231250 0.362500 0.229167 0.362500 0.227083 0.360938 0.227083 0.360938 0.233333 0.359375 0.235417 0.354687 0.235417 0.353125 0.233333 0.351562 0.233333 0.346875 0.227083 0.340625 0.227083 0.337500 0.222917 0.337500 0.216667 0.340625 0.212500 0.342187 0.212500 0.343750 0.214583 0.345313 0.214583 0.346875 0.212500 0.346875 0.210417 0.345313 0.208333 0.346875 0.206250 0.346875 0.204167 0.343750 0.204167 0.343750 0.206250 0.345313 0.208333 0.343750 0.210417 0.340625 0.210417 0.337500 0.206250 0.337500 0.204167 0.334375 0.204167 0.332813 0.202083 0.325000 0.202083 0.323437 0.200000 0.318750 0.200000 0.315625 0.195833 0.312500 0.195833 0.310937 0.193750 0.307812 0.193750 0.306250 0.191667 0.289062 0.191667 0.287500 0.189583 0.285938 0.189583 0.284375 0.187500 0.281250 0.187500 0.279687 0.185417 0.278125 0.185417 0.276562 0.183333 0.275000 0.183333 0.273438 0.181250 0.271875 0.181250 0.270313 0.179167 0.265625 0.179167 0.264062 0.181250 0.257812 0.181250 0.256250 0.183333 0.254688 0.183333 0.253125 0.185417 0.251563 0.185417 0.248438 0.189583 0.248438 0.191667 0.243750 0.197917 0.243750 0.200000 0.239063 0.206250 0.237500 0.206250 0.235937 0.208333 0.234375 0.208333 0.232813 0.210417 0.231250 0.210417 0.229687 0.212500 0.229687 0.214583 0.228125 0.216667 0.228125 0.218750 0.226562 0.220833 0.226562 0.231250 0.223438 0.235417 0.221875 0.235417 0.221875 0.237500 0.223438 0.239583 0.221875 0.241667 0.223438 0.243750 0.223438 0.247917 0.221875 0.250000 0.220312 0.250000 0.220312 0.252083 0.225000 0.258333 0.225000 0.260417 0.226562 0.262500 0.226562 0.279167 0.225000 0.281250 0.225000 0.306250 0.226562 0.308333 0.223438 0.312500 0.221875 0.312500 0.220312 0.314583 0.221875 0.316667 0.221875 0.318750 0.220312 0.320833 0.220312 0.327083 0.218750 0.329167 0.218750 0.333333 0.217188 0.335417 0.217188 0.341667 0.215625 0.343750 0.215625 0.347917 0.217188 0.350000 0.217188 0.368750 0.215625 0.370833 0.215625 0.372917 0.214062 0.375000 0.212500 0.375000 0.207813 0.381250 0.204687 0.381250 0.203125 0.383333 0.200000 0.383333 0.198437 0.385417 0.198437 0.387500 0.196875 0.389583 0.195312 0.389583 0.187500 0.400000 0.187500 0.404167 0.185938 0.406250 0.185938 0.412500 0.182812 0.416667 0.182812 0.418750 0.181250 0.420833 0.179688 0.420833 0.178125 0.422917 0.175000 0.422917 0.176563 0.425000 0.176563 0.427083 0.175000 0.429167 0.168750 0.429167 0.167187 0.431250 0.165625 0.431250 0.165625 0.433333 0.164062 0.435417 0.156250 0.435417 0.154688 0.437500 0.154688 0.439583 0.150000 0.445833 0.150000 0.452083 0.148438 0.454167 0.148438 0.462500 0.150000 0.464583 0.150000 0.466667 0.148438 0.468750 0.148438 0.470833 0.150000 0.470833 0.151562 0.472917 0.151562 0.475000 0.154688 0.479167 0.154688 0.487500 0.157812 0.491667 0.160938 0.491667 0.164062 0.495833 0.164062 0.497917 0.167187 0.497917 0.168750 0.495833 0.176563 0.495833 0.179688 0.500000 0.179688 0.510417 0.181250 0.510417 0.182812 0.512500 0.181250 0.514583 0.179688 0.514583 0.178125 0.516667 0.171875 0.516667 0.171875 0.518750 0.173437 0.520833 0.171875 0.522917 0.165625 0.522917 0.164062 0.525000 0.164062 0.527083 0.167187 0.531250 0.167187 0.533333 0.168750 0.535417 0.167187 0.537500 0.165625 0.537500 0.164062 0.539583 0.164062 0.541667 0.162500 0.543750 0.162500 0.552083 0.160938 0.554167 0.159375 0.554167 0.157812 0.556250 0.156250 0.556250 0.157812 0.558333 0.156250 0.560417 0.156250 0.564583 0.154688 0.566667 0.154688 0.568750 0.153125 0.570833 0.153125 0.572917 0.154688 0.575000 0.151562 0.579167 0.153125 0.581250 0.153125 0.583333 0.150000 0.587500 0.154688 0.593750 0.154688 0.597917 0.153125 0.600000 0.151562 0.600000 0.150000 0.602083 0.150000 0.604167 0.151562 0.606250 0.151562 0.608333 0.150000 0.610417 0.151562 0.612500 0.151562 0.614583 0.150000 0.616667 0.148438 0.616667 0.146875 0.618750 0.146875 0.620833 0.150000 0.625000 0.150000 0.629167 0.146875 0.633333 0.146875 0.635417 0.143750 0.639583 0.143750 0.643750 0.140625 0.647917 0.125000 0.647917 0.118750 0.656250 0.118750 0.662500 0.117188 0.664583 0.117188 0.666667 0.112500 0.672917 0.110937 0.672917 0.112500 0.675000 0.112500 0.677083 0.109375 0.681250 0.109375 0.685417 0.107813 0.687500 0.107813 0.693750 0.106250 0.695833 0.106250 0.700000 0.103125 0.704167 0.101562 0.704167 0.101562 0.708333 0.100000 0.710417 0.100000 0.712500 0.096875 0.716667 0.095312 0.716667 0.095312 0.718750 0.093750 0.720833 0.093750 0.725000 0.092188 0.727083 0.092188 0.733333 0.093750 0.735417 0.093750 0.737500 0.092188 0.739583 0.092188 0.743750 0.090625 0.745833 0.085938 0.745833 0.084375 0.747917 0.081250 0.747917 0.079687 0.750000 0.078125 0.750000 0.076563 0.747917 0.075000 0.747917 0.073438 0.750000 0.071875 0.750000 0.070312 0.752083 0.070312 0.754167 0.068750 0.756250 0.068750 0.758333 0.067187 0.760417 0.065625 0.760417 0.064062 0.762500 0.064062 0.764583 0.062500 0.766667 0.062500 0.772917 0.059375 0.777083 0.059375 0.779167 0.062500 0.783333 0.062500 0.785417 0.059375 0.789583 0.057813 0.789583 0.057813 0.791667 0.056250 0.793750 0.056250 0.795833 0.054688 0.797917 0.054688 0.806250 0.056250 0.808333 0.056250 0.810417 0.054688 0.812500 0.053125 0.812500 0.051562 0.814583 0.053125 0.816667 0.053125 0.822917 0.054688 0.825000 0.051562 0.829167 0.053125 0.831250 0.053125 0.837500 0.054688 0.839583 0.054688 0.841667 0.053125 0.843750 0.051562 0.843750 0.051562 0.847917 0.053125 0.850000 0.053125 0.856250 0.051562 0.858333 0.050000 0.858333 0.048438 0.860417 0.050000 0.862500 0.050000 0.864583 0.048438 0.866667 0.046875 0.866667 0.043750 0.870833 0.042188 0.868750 0.040625 0.868750 0.042188 0.870833 0.039062 0.875000 0.037500 0.875000 0.032813 0.881250 0.029687 0.881250 0.028125 0.883333 0.026562 0.883333 0.026562 0.889583 0.020313 0.897917 0.018750 0.897917 0.017188 0.900000 0.014063 0.900000 0.014063 0.902083 0.010937 0.906250 0.003125 0.906250 0.003125 0.910417 0.000000 0.914583 0.000000 0.997917 0.995313 0.997917 0.996875 0.995833 0.998437 0.995833 0.998437 0.668750 0.995313 0.668750 0.993750 0.666667 0.987500 0.666667 0.985938 0.664583 0.982812 0.664583 0.981250 0.666667 0.979688 0.666667 0.978125 0.664583 0.960938 0.664583 0.959375 0.666667 0.954688 0.666667 0.953125 0.664583 0.951562 0.664583 0.950000 0.662500 0.950000 0.660417 0.951562 0.658333 0.948438 0.658333 0.946875 0.656250 0.945312 0.656250 0.943750 0.658333 0.939063 0.658333 0.937500 0.656250 0.935937 0.656250 0.934375 0.654167 0.931250 0.654167 0.929688 0.652083 0.931250 0.650000 0.932813 0.650000 0.934375 0.647917 0.934375 0.629167 0.935937 0.627083 0.934375 0.625000 0.934375 0.622917 0.932813 0.620833 0.932813 0.618750 0.934375 0.616667 0.934375 0.593750 0.931250 0.593750 0.929688 0.591667 0.929688 0.589583 0.931250 0.587500 0.931250 0.585417 0.929688 0.583333 0.929688 0.581250 0.931250 0.579167 0.932813 0.579167 0.932813 0.577083 0.931250 0.575000 0.931250 0.570833 0.932813 0.568750 0.934375 0.568750 0.934375 0.564583 0.935937 0.562500 0.935937 0.550000 0.937500 0.547917 0.935937 0.545833 0.935937 0.518750 0.937500 0.516667 0.935937 0.514583 0.935937 0.464583 0.937500 0.462500 0.937500 0.460417 0.935937 0.458333 0.937500 0.456250 0.937500 0.452083 0.935937 0.450000 0.937500 0.447917 0.937500 0.445833 0.935937 0.443750 0.935937 0.439583 0.939063 0.435417 0.943750 0.435417 0.945312 0.433333 0.954688 0.433333 0.956250 0.431250 0.956250 0.429167 0.957812 0.427083 0.959375 0.427083 0.960938 0.429167 0.960938 0.431250 0.962500 0.433333 0.967187 0.433333 0.968750 0.431250 0.971875 0.431250 0.970313 0.429167 0.968750 0.429167 0.967187 0.427083 0.967187 0.425000 0.968750 0.422917 0.970313 0.422917 0.967187 0.422917 0.965625 0.420833 0.965625 0.414583 0.967187 0.412500 0.967187 0.406250 0.968750 0.404167 0.968750 0.402083 0.970313 0.400000 0.971875 0.402083 0.975000 0.402083 0.976562 0.400000 0.979688 0.400000 0.981250 0.397917 0.982812 0.400000 0.985938 0.400000 0.984375 0.400000 0.982812 0.397917 0.982812 0.393750 0.984375 0.391667 0.987500 0.391667 0.989062 0.389583 0.990625 0.391667 0.993750 0.391667 0.993750 0.389583 0.992188 0.389583 0.990625 0.387500 0.992188 0.385417 0.995313 0.385417 0.996875 0.387500 0.998437 0.387500 0.996875 0.387500 0.995313 0.385417 0.995313 0.383333 0.996875 0.381250 0.998437 0.381250 0.998437 0.241667 0.996875 0.241667 0.993750 0.237500 0.993750 0.235417 0.992188 0.233333 0.992188 0.231250 0.993750 0.229167 0.995313 0.229167 0.996875 0.231250 0.998437 0.231250 0.996875 0.231250 0.995313 0.229167 0.995313 0.227083 0.992188 0.222917 0.993750 0.220833 0.993750 0.218750 0.996875 0.214583 0.995313 0.212500 0.995313 0.204167 0.996875 0.202083 0.998437 0.202083 0.998437 0.175000 0.996875 0.175000 0.995313 0.172917 0.996875 0.170833 0.998437 0.170833 0.998437 0.158333 0.996875 0.158333 0.995313 0.156250 0.995313 0.154167 0.993750 0.152083 0.995313 0.150000 0.995313 0.145833 0.998437 0.141667 0.998437 0.131250 0.987500 0.131250 0.985938 0.129167 0.985938 0.127083 0.987500 0.125000 0.993750 0.125000 0.995313 0.122917 0.998437 0.122917 0.998437 0.081250 0.996875 0.081250 0.995313 0.079167 0.998437 0.075000 0.998437 0.064583 0.996875 0.064583 0.995313 0.062500 0.995313 0.060417 0.993750 0.058333 0.995313 0.056250 0.993750 0.054167 0.992188 0.054167 0.990625 0.052083 0.990625 0.050000 0.992188 0.047917 0.993750 0.047917 0.993750 0.045833 0.995313 0.043750 0.998437 0.043750 0.996875 0.043750 0.995313 0.041667 0.995313 0.039583 0.992188 0.035417 0.996875 0.029167 0.998437 0.029167 0.998437 0.027083 0.995313 0.022917 0.993750 0.022917 0.992188 0.020833 0.993750 0.018750 0.993750 0.016667 0.990625 0.012500 0.993750 0.008333 0.993750 0.006250 0.992188 0.004167 0.970313 0.004167 0.968750 0.002083 0.964063 0.002083 0.962500 0.000000 0.959375 0.000000 0.957812 0.002083 0.956250 0.000000 0.953125 0.000000 0.953125 0.002083 0.951562 0.004167 0.950000 0.004167 0.948438 0.002083 0.943750 0.002083 0.942187 0.004167 0.939063 0.000000 0.939063 0.002083 0.937500 0.004167 0.921875 0.004167 0.920312 0.006250 0.918750 0.006250 0.915625 0.002083 0.914062 0.002083 0.912500 0.000000 0.906250 0.000000 0.906250 0.002083 0.903125 0.006250 0.901563 0.004167 0.900000 0.004167 0.898438 0.006250 0.896875 0.006250 0.895312 0.008333 0.893750 0.006250 0.885938 0.006250 0.884375 0.004167 0.882812 0.006250 0.881250 0.006250 0.879687 0.008333 0.876563 0.008333 0.873437 0.004167 0.875000 0.002083 0.875000 0.000000 0.826562 0.000000 0.825000 0.002083 0.823438 0.000000 0.812500 0.000000 0.812500 0.002083 0.810937 0.004167 0.807813 0.004167 0.806250 0.002083 0.804688 0.002083 0.803125 0.004167 0.801562 0.004167 0.798438 0.000000 0.798438 0.004167 0.796875 0.006250 0.793750 0.006250 0.792188 0.004167 0.787500 0.004167 0.785937 0.002083 0.784375 0.002083 0.782813 0.000000 0.782813 0.002083 0.781250 0.004167 0.770312 0.004167 0.768750 0.002083 0.768750 0.000000 0.767188 0.000000 0.764062 0.004167 0.759375 0.004167 0.757812 0.002083 0.754687 0.002083 0.753125 0.000000 0.750000 0.000000 0.748437 0.002083 0.746875 0.002083 0.745313 0.000000 0.734375 0.000000 0.731250 0.004167 0.728125 0.000000 0.718750 0.000000 0.717187 0.002083 0.715625 0.002083 0.714063 0.000000 
