person_58 0.090625 0.991667 0.089063 0.993750 0.085938 0.993750 0.092188 0.993750 
person_58 0.067187 0.991667 0.067187 0.993750 0.078125 0.993750 0.076563 0.991667 
person_58 0.198437 0.975000 0.196875 0.977083 0.195312 0.977083 0.195312 0.979167 0.196875 0.981250 0.201563 0.981250 0.201563 0.979167 0.203125 0.977083 0.201563 0.977083 0.200000 0.975000 
person_58 0.184375 0.975000 0.182812 0.977083 0.179688 0.977083 0.179688 0.979167 0.181250 0.979167 0.182812 0.981250 0.184375 0.981250 0.187500 0.977083 0.185938 0.977083 
person_58 0.268750 0.970833 0.270313 0.972917 0.270313 0.975000 0.275000 0.981250 0.278125 0.981250 0.278125 0.977083 0.271875 0.977083 0.270313 0.975000 0.270313 0.972917 0.271875 0.970833 
person_58 0.275000 0.960417 0.273438 0.962500 0.275000 0.964583 0.276562 0.964583 0.278125 0.962500 0.276562 0.960417 
person_58 0.212500 0.960417 0.210938 0.962500 0.214062 0.962500 
person_58 0.087500 0.960417 0.087500 0.962500 0.090625 0.962500 0.089063 0.960417 
person_58 0.071875 0.960417 0.071875 0.962500 0.073438 0.962500 
person_58 0.200000 0.958333 0.198437 0.960417 0.195312 0.960417 0.195312 0.962500 0.198437 0.966667 0.196875 0.968750 0.198437 0.966667 0.200000 0.966667 0.200000 0.964583 0.201563 0.962500 0.200000 0.960417 
person_58 0.184375 0.958333 0.182812 0.960417 0.181250 0.960417 0.179688 0.962500 0.181250 0.964583 0.182812 0.964583 0.184375 0.966667 
person_58 0.221875 0.952083 0.220312 0.954167 0.218750 0.954167 0.220312 0.956250 0.221875 0.956250 0.223438 0.958333 0.221875 0.960417 0.218750 0.960417 0.218750 0.962500 0.221875 0.962500 0.223438 0.964583 0.223438 0.966667 0.221875 0.968750 0.217188 0.968750 0.217188 0.970833 0.218750 0.970833 0.220312 0.972917 0.218750 0.975000 0.214062 0.975000 0.212500 0.977083 0.209375 0.977083 0.210938 0.979167 0.210938 0.981250 0.217188 0.981250 0.218750 0.983333 0.218750 0.985417 0.221875 0.989583 0.220312 0.991667 0.207813 0.991667 0.206250 0.993750 0.195312 0.993750 0.229687 0.993750 0.231250 0.995833 0.232813 0.993750 0.278125 0.993750 0.273438 0.993750 0.270313 0.989583 0.268750 0.991667 0.264062 0.991667 0.262500 0.989583 0.262500 0.987500 0.264062 0.985417 0.268750 0.985417 0.265625 0.985417 0.264062 0.983333 0.264062 0.981250 0.265625 0.979167 0.265625 0.977083 0.264062 0.975000 0.264062 0.972917 0.265625 0.970833 0.265625 0.968750 0.264062 0.968750 0.262500 0.966667 0.260937 0.966667 0.259375 0.964583 0.260937 0.962500 0.259375 0.960417 0.257812 0.962500 0.259375 0.964583 0.256250 0.968750 0.248438 0.968750 0.246875 0.966667 0.246875 0.964583 0.248438 0.962500 0.246875 0.960417 0.240625 0.960417 0.239063 0.958333 0.242188 0.954167 0.239063 0.954167 0.239063 0.960417 0.242188 0.964583 0.242188 0.966667 0.240625 0.968750 0.234375 0.968750 0.232813 0.966667 0.232813 0.960417 0.231250 0.958333 0.231250 0.954167 0.229687 0.952083 
person_58 0.132812 0.952083 0.131250 0.954167 0.125000 0.954167 0.126562 0.956250 0.128125 0.956250 0.129688 0.958333 0.128125 0.960417 0.126562 0.960417 0.126562 0.962500 0.129688 0.958333 0.131250 0.960417 0.131250 0.962500 0.132812 0.964583 0.132812 0.966667 0.129688 0.970833 0.128125 0.968750 0.125000 0.968750 0.125000 0.970833 0.135937 0.970833 0.137500 0.972917 0.135937 0.975000 0.131250 0.975000 0.129688 0.977083 0.109375 0.977083 0.107813 0.975000 0.107813 0.968750 0.106250 0.966667 0.106250 0.956250 0.104688 0.954167 0.101562 0.954167 0.100000 0.956250 0.098437 0.956250 0.096875 0.954167 0.093750 0.954167 0.096875 0.954167 0.098437 0.956250 0.098437 0.958333 0.100000 0.958333 0.103125 0.954167 0.104688 0.956250 0.104688 0.958333 0.103125 0.960417 0.103125 0.966667 0.100000 0.970833 0.095312 0.970833 0.096875 0.972917 0.096875 0.975000 0.095312 0.977083 0.087500 0.977083 0.090625 0.981250 0.090625 0.979167 0.092188 0.977083 0.095312 0.977083 0.096875 0.975000 0.100000 0.975000 0.101562 0.977083 0.101562 0.981250 0.103125 0.983333 0.107813 0.983333 0.112500 0.989583 0.110937 0.991667 0.103125 0.991667 0.101562 0.993750 0.170313 0.993750 0.170313 0.991667 0.131250 0.991667 0.129688 0.989583 0.129688 0.987500 0.131250 0.985417 0.131250 0.983333 0.125000 0.983333 0.123438 0.981250 0.125000 0.979167 0.134375 0.979167 0.135937 0.981250 0.137500 0.981250 0.140625 0.985417 0.143750 0.985417 0.145313 0.983333 0.146875 0.983333 0.148438 0.981250 0.154688 0.981250 0.156250 0.983333 0.156250 0.985417 0.162500 0.985417 0.164062 0.983333 0.168750 0.983333 0.170313 0.981250 0.170313 0.979167 0.171875 0.977083 0.168750 0.972917 0.170313 0.970833 0.170313 0.964583 0.171875 0.962500 0.171875 0.960417 0.170313 0.958333 0.170313 0.956250 0.171875 0.954167 0.175000 0.954167 0.154688 0.954167 0.153125 0.952083 
person_58 0.226562 0.945833 0.226562 0.947917 0.229687 0.947917 0.229687 0.945833 
person_58 0.239063 0.939583 0.239063 0.943750 0.243750 0.950000 0.246875 0.950000 0.246875 0.945833 0.240625 0.945833 0.239063 0.943750 0.239063 0.941667 0.240625 0.939583 
person_58 0.082812 0.939583 0.082812 0.941667 0.085938 0.945833 0.085938 0.950000 0.087500 0.952083 0.087500 0.954167 0.089063 0.952083 0.090625 0.952083 0.092188 0.950000 0.092188 0.939583 
person_58 0.064062 0.939583 0.065625 0.939583 0.067187 0.941667 0.068750 0.941667 0.070312 0.943750 0.070312 0.945833 0.071875 0.947917 0.073438 0.945833 0.075000 0.945833 0.075000 0.939583 
person_58 0.054688 0.710417 0.053125 0.712500 0.054688 0.714583 0.060937 0.714583 0.062500 0.712500 0.060937 0.710417 
person_58 0.164062 0.602083 0.164062 0.604167 0.167187 0.604167 0.167187 0.602083 
person_58 0.262500 0.000000 0.262500 0.002083 0.260937 0.004167 0.260937 0.006250 0.259375 0.008333 0.259375 0.012500 0.256250 0.016667 0.256250 0.018750 0.254688 0.020833 0.254688 0.025000 0.253125 0.027083 0.253125 0.029167 0.251563 0.031250 0.251563 0.033333 0.250000 0.035417 0.250000 0.045833 0.248438 0.047917 0.248438 0.060417 0.246875 0.062500 0.246875 0.077083 0.245312 0.079167 0.245312 0.091667 0.243750 0.093750 0.243750 0.135417 0.245312 0.137500 0.245312 0.156250 0.246875 0.158333 0.246875 0.168750 0.245312 0.170833 0.245312 0.206250 0.243750 0.208333 0.240625 0.208333 0.239063 0.206250 0.237500 0.206250 0.235937 0.204167 0.234375 0.204167 0.231250 0.208333 0.228125 0.208333 0.226562 0.210417 0.225000 0.210417 0.220312 0.216667 0.220312 0.227083 0.218750 0.229167 0.218750 0.250000 0.217188 0.252083 0.217188 0.268750 0.215625 0.270833 0.217188 0.272917 0.217188 0.281250 0.215625 0.283333 0.215625 0.287500 0.217188 0.289583 0.217188 0.297917 0.218750 0.300000 0.218750 0.308333 0.220312 0.310417 0.218750 0.312500 0.218750 0.314583 0.220312 0.316667 0.220312 0.320833 0.223438 0.325000 0.223438 0.327083 0.221875 0.329167 0.223438 0.331250 0.223438 0.333333 0.226562 0.337500 0.226562 0.339583 0.229687 0.343750 0.231250 0.343750 0.232813 0.345833 0.232813 0.347917 0.235937 0.352083 0.239063 0.352083 0.240625 0.354167 0.245312 0.354167 0.248438 0.358333 0.248438 0.360417 0.250000 0.362500 0.253125 0.362500 0.257812 0.368750 0.257812 0.377083 0.260937 0.381250 0.260937 0.385417 0.262500 0.387500 0.262500 0.397917 0.264062 0.400000 0.264062 0.408333 0.265625 0.410417 0.265625 0.414583 0.267188 0.416667 0.267188 0.427083 0.268750 0.429167 0.268750 0.443750 0.267188 0.445833 0.267188 0.450000 0.265625 0.452083 0.265625 0.458333 0.264062 0.460417 0.264062 0.462500 0.262500 0.464583 0.262500 0.466667 0.264062 0.468750 0.264062 0.470833 0.262500 0.472917 0.262500 0.475000 0.260937 0.477083 0.251563 0.477083 0.248438 0.481250 0.246875 0.481250 0.246875 0.483333 0.245312 0.485417 0.243750 0.485417 0.243750 0.487500 0.240625 0.491667 0.237500 0.491667 0.234375 0.495833 0.231250 0.495833 0.231250 0.497917 0.232813 0.497917 0.234375 0.500000 0.231250 0.504167 0.229687 0.504167 0.226562 0.508333 0.225000 0.508333 0.225000 0.512500 0.223438 0.514583 0.220312 0.514583 0.215625 0.520833 0.214062 0.520833 0.212500 0.522917 0.209375 0.522917 0.207813 0.525000 0.207813 0.529167 0.206250 0.531250 0.204687 0.531250 0.204687 0.533333 0.206250 0.535417 0.203125 0.539583 0.206250 0.543750 0.204687 0.545833 0.192188 0.545833 0.190625 0.547917 0.187500 0.547917 0.187500 0.550000 0.189062 0.552083 0.187500 0.554167 0.187500 0.560417 0.185938 0.562500 0.185938 0.564583 0.184375 0.566667 0.182812 0.564583 0.182812 0.562500 0.173437 0.562500 0.173437 0.568750 0.171875 0.570833 0.175000 0.575000 0.173437 0.577083 0.171875 0.577083 0.168750 0.581250 0.167187 0.579167 0.167187 0.577083 0.162500 0.577083 0.160938 0.579167 0.156250 0.579167 0.159375 0.583333 0.156250 0.587500 0.157812 0.587500 0.160938 0.591667 0.164062 0.591667 0.165625 0.593750 0.167187 0.591667 0.168750 0.591667 0.173437 0.585417 0.176563 0.585417 0.178125 0.587500 0.178125 0.591667 0.176563 0.593750 0.171875 0.593750 0.171875 0.595833 0.173437 0.595833 0.175000 0.597917 0.175000 0.600000 0.173437 0.602083 0.171875 0.602083 0.175000 0.602083 0.176563 0.600000 0.178125 0.602083 0.178125 0.604167 0.175000 0.608333 0.171875 0.608333 0.168750 0.612500 0.165625 0.608333 0.164062 0.608333 0.162500 0.610417 0.157812 0.610417 0.156250 0.608333 0.154688 0.608333 0.153125 0.606250 0.154688 0.604167 0.154688 0.600000 0.153125 0.597917 0.151562 0.597917 0.150000 0.595833 0.148438 0.595833 0.146875 0.597917 0.145313 0.597917 0.145313 0.606250 0.142187 0.610417 0.140625 0.610417 0.137500 0.614583 0.135937 0.614583 0.134375 0.616667 0.135937 0.616667 0.137500 0.614583 0.140625 0.618750 0.142187 0.618750 0.143750 0.620833 0.140625 0.625000 0.139063 0.625000 0.137500 0.627083 0.135937 0.627083 0.134375 0.625000 0.131250 0.625000 0.129688 0.622917 0.128125 0.625000 0.125000 0.625000 0.123438 0.622917 0.123438 0.616667 0.120313 0.616667 0.118750 0.618750 0.118750 0.629167 0.117188 0.631250 0.117188 0.639583 0.115625 0.641667 0.115625 0.652083 0.112500 0.656250 0.106250 0.656250 0.104688 0.658333 0.098437 0.658333 0.101562 0.662500 0.101562 0.672917 0.098437 0.677083 0.100000 0.677083 0.101562 0.679167 0.101562 0.687500 0.098437 0.691667 0.101562 0.695833 0.101562 0.700000 0.100000 0.702083 0.098437 0.702083 0.096875 0.704167 0.095312 0.704167 0.092188 0.700000 0.092188 0.675000 0.093750 0.672917 0.092188 0.672917 0.090625 0.670833 0.090625 0.668750 0.087500 0.672917 0.089063 0.675000 0.089063 0.679167 0.087500 0.681250 0.089063 0.683333 0.089063 0.685417 0.087500 0.687500 0.085938 0.687500 0.085938 0.702083 0.084375 0.704167 0.078125 0.704167 0.079687 0.704167 0.082812 0.708333 0.082812 0.710417 0.084375 0.712500 0.084375 0.714583 0.085938 0.716667 0.084375 0.718750 0.079687 0.718750 0.079687 0.720833 0.082812 0.720833 0.084375 0.718750 0.085938 0.718750 0.087500 0.716667 0.090625 0.716667 0.095312 0.722917 0.112500 0.722917 0.114062 0.725000 0.115625 0.722917 0.120313 0.722917 0.121875 0.725000 0.123438 0.722917 0.142187 0.722917 0.143750 0.725000 0.146875 0.725000 0.148438 0.722917 0.159375 0.722917 0.160938 0.725000 0.162500 0.722917 0.190625 0.722917 0.192188 0.725000 0.193750 0.725000 0.195312 0.722917 0.248438 0.722917 0.250000 0.725000 0.262500 0.725000 0.267188 0.718750 0.270313 0.722917 0.270313 0.720833 0.273438 0.716667 0.285938 0.716667 0.289062 0.720833 0.287500 0.722917 0.289062 0.720833 0.290625 0.720833 0.292187 0.722917 0.300000 0.722917 0.301563 0.725000 0.310937 0.725000 0.312500 0.722917 0.315625 0.722917 0.317188 0.725000 0.318750 0.722917 0.323437 0.722917 0.325000 0.725000 0.326562 0.722917 0.332813 0.722917 0.334375 0.725000 0.335938 0.725000 0.337500 0.727083 0.337500 0.729167 0.339062 0.731250 0.337500 0.733333 0.337500 0.735417 0.339062 0.737500 0.339062 0.745833 0.342187 0.750000 0.342187 0.758333 0.340625 0.760417 0.340625 0.762500 0.342187 0.764583 0.342187 0.770833 0.340625 0.772917 0.340625 0.779167 0.342187 0.781250 0.342187 0.787500 0.340625 0.789583 0.340625 0.795833 0.342187 0.797917 0.342187 0.800000 0.340625 0.802083 0.340625 0.806250 0.339062 0.808333 0.339062 0.810417 0.340625 0.812500 0.340625 0.820833 0.339062 0.822917 0.339062 0.827083 0.340625 0.829167 0.340625 0.833333 0.339062 0.835417 0.339062 0.841667 0.340625 0.841667 0.342187 0.843750 0.342187 0.854167 0.340625 0.856250 0.343750 0.860417 0.342187 0.862500 0.342187 0.868750 0.340625 0.870833 0.340625 0.872917 0.342187 0.875000 0.342187 0.877083 0.340625 0.879167 0.340625 0.889583 0.342187 0.891667 0.342187 0.897917 0.340625 0.900000 0.340625 0.906250 0.342187 0.908333 0.342187 0.910417 0.340625 0.912500 0.339062 0.912500 0.337500 0.914583 0.337500 0.918750 0.334375 0.922917 0.334375 0.925000 0.331250 0.929167 0.317188 0.929167 0.315625 0.931250 0.312500 0.931250 0.310937 0.929167 0.301563 0.929167 0.298438 0.933333 0.298438 0.935417 0.296875 0.937500 0.293750 0.937500 0.292187 0.939583 0.292187 0.943750 0.290625 0.945833 0.287500 0.945833 0.285938 0.943750 0.284375 0.945833 0.281250 0.945833 0.279687 0.943750 0.279687 0.939583 0.278125 0.939583 0.276562 0.937500 0.273438 0.937500 0.271875 0.939583 0.268750 0.939583 0.270313 0.941667 0.270313 0.943750 0.271875 0.945833 0.271875 0.947917 0.273438 0.950000 0.270313 0.954167 0.267188 0.954167 0.268750 0.954167 0.270313 0.956250 0.270313 0.958333 0.273438 0.954167 0.275000 0.954167 0.276562 0.952083 0.278125 0.952083 0.279687 0.950000 0.289062 0.950000 0.290625 0.952083 0.290625 0.960417 0.289062 0.962500 0.290625 0.964583 0.290625 0.993750 0.293750 0.997917 0.295312 0.997917 0.296875 0.995833 0.298438 0.995833 0.300000 0.997917 0.382812 0.997917 0.384375 0.995833 0.385937 0.997917 0.387500 0.997917 0.389062 0.995833 0.390625 0.995833 0.392188 0.993750 0.393750 0.995833 0.396875 0.995833 0.398438 0.993750 0.401562 0.993750 0.403125 0.995833 0.404687 0.993750 0.409375 0.993750 0.410938 0.995833 0.417187 0.995833 0.418750 0.997917 0.421875 0.993750 0.423438 0.993750 0.426563 0.997917 0.428125 0.997917 0.429688 0.995833 0.431250 0.995833 0.432812 0.997917 0.545312 0.997917 0.548438 0.993750 0.551562 0.997917 0.553125 0.995833 0.557813 0.995833 0.559375 0.997917 0.560937 0.995833 0.562500 0.995833 0.564063 0.993750 0.567187 0.997917 0.593750 0.997917 0.595313 0.995833 0.596875 0.997917 0.625000 0.997917 0.626563 0.995833 0.628125 0.997917 0.790625 0.997917 0.790625 0.993750 0.789062 0.991667 0.789062 0.987500 0.787500 0.985417 0.787500 0.981250 0.785937 0.979167 0.785937 0.972917 0.784375 0.970833 0.784375 0.966667 0.782813 0.964583 0.782813 0.960417 0.781250 0.958333 0.781250 0.956250 0.779687 0.954167 0.779687 0.947917 0.778125 0.945833 0.778125 0.943750 0.776563 0.941667 0.776563 0.937500 0.775000 0.935417 0.775000 0.920833 0.773438 0.918750 0.773438 0.904167 0.771875 0.902083 0.771875 0.895833 0.770312 0.893750 0.770312 0.885417 0.768750 0.883333 0.768750 0.877083 0.767188 0.875000 0.767188 0.860417 0.765625 0.858333 0.765625 0.839583 0.764062 0.837500 0.764062 0.835417 0.765625 0.833333 0.764062 0.831250 0.764062 0.827083 0.762500 0.825000 0.762500 0.820833 0.764062 0.818750 0.764062 0.812500 0.765625 0.810417 0.765625 0.806250 0.767188 0.804167 0.767188 0.802083 0.768750 0.800000 0.768750 0.791667 0.770312 0.789583 0.770312 0.781250 0.771875 0.779167 0.771875 0.768750 0.770312 0.766667 0.770312 0.750000 0.768750 0.747917 0.768750 0.741667 0.767188 0.739583 0.767188 0.731250 0.765625 0.729167 0.765625 0.725000 0.764062 0.722917 0.764062 0.720833 0.762500 0.718750 0.762500 0.710417 0.760938 0.708333 0.760938 0.697917 0.759375 0.695833 0.759375 0.689583 0.757812 0.687500 0.757812 0.679167 0.756250 0.677083 0.756250 0.668750 0.754687 0.666667 0.754687 0.656250 0.753125 0.654167 0.753125 0.650000 0.751563 0.647917 0.751563 0.645833 0.750000 0.643750 0.750000 0.637500 0.748437 0.635417 0.748437 0.633333 0.746875 0.631250 0.746875 0.629167 0.745313 0.627083 0.745313 0.620833 0.743750 0.618750 0.743750 0.612500 0.742188 0.610417 0.742188 0.608333 0.740625 0.606250 0.740625 0.604167 0.739062 0.602083 0.739062 0.600000 0.737500 0.597917 0.737500 0.595833 0.735938 0.593750 0.735938 0.589583 0.734375 0.587500 0.734375 0.583333 0.732812 0.581250 0.732812 0.579167 0.721875 0.564583 0.725000 0.560417 0.725000 0.554167 0.723437 0.552083 0.723437 0.547917 0.721875 0.545833 0.721875 0.543750 0.718750 0.539583 0.718750 0.537500 0.712500 0.529167 0.710938 0.529167 0.709375 0.527083 0.707812 0.527083 0.706250 0.525000 0.704688 0.525000 0.701562 0.520833 0.701562 0.518750 0.700000 0.516667 0.700000 0.514583 0.698438 0.514583 0.696875 0.512500 0.695312 0.512500 0.690625 0.506250 0.689063 0.506250 0.684375 0.500000 0.682813 0.500000 0.679688 0.495833 0.678125 0.495833 0.676562 0.493750 0.675000 0.493750 0.673438 0.491667 0.671875 0.491667 0.670312 0.489583 0.667188 0.489583 0.665625 0.487500 0.664062 0.487500 0.660937 0.483333 0.654687 0.483333 0.653125 0.481250 0.642188 0.481250 0.640625 0.479167 0.634375 0.479167 0.632812 0.477083 0.625000 0.477083 0.623437 0.475000 0.617188 0.475000 0.615625 0.472917 0.596875 0.472917 0.595313 0.475000 0.590625 0.468750 0.579688 0.468750 0.578125 0.466667 0.578125 0.462500 0.576562 0.460417 0.576562 0.456250 0.575000 0.456250 0.573438 0.454167 0.564063 0.454167 0.562500 0.452083 0.560937 0.452083 0.559375 0.450000 0.554688 0.450000 0.553125 0.447917 0.551562 0.447917 0.545312 0.439583 0.543750 0.439583 0.542188 0.437500 0.540625 0.437500 0.539062 0.435417 0.537500 0.435417 0.534375 0.431250 0.532813 0.431250 0.531250 0.429167 0.529687 0.429167 0.528125 0.427083 0.526563 0.427083 0.523438 0.422917 0.521875 0.422917 0.520312 0.420833 0.517188 0.420833 0.515625 0.418750 0.514062 0.418750 0.512500 0.416667 0.501563 0.416667 0.500000 0.414583 0.498437 0.414583 0.496875 0.412500 0.489063 0.412500 0.485938 0.408333 0.485938 0.406250 0.484375 0.406250 0.482812 0.404167 0.482812 0.391667 0.481250 0.389583 0.481250 0.385417 0.482812 0.383333 0.482812 0.377083 0.481250 0.375000 0.481250 0.372917 0.479687 0.370833 0.481250 0.368750 0.481250 0.366667 0.482812 0.364583 0.482812 0.358333 0.481250 0.356250 0.482812 0.354167 0.482812 0.345833 0.484375 0.343750 0.482812 0.341667 0.482812 0.339583 0.484375 0.337500 0.484375 0.333333 0.485938 0.331250 0.485938 0.325000 0.487500 0.322917 0.487500 0.318750 0.489063 0.316667 0.489063 0.310417 0.490625 0.308333 0.490625 0.302083 0.492188 0.300000 0.492188 0.293750 0.493750 0.291667 0.493750 0.285417 0.495312 0.283333 0.495312 0.279167 0.496875 0.277083 0.496875 0.235417 0.495312 0.233333 0.495312 0.231250 0.493750 0.229167 0.493750 0.225000 0.492188 0.222917 0.492188 0.218750 0.490625 0.216667 0.490625 0.212500 0.489063 0.210417 0.489063 0.208333 0.485938 0.204167 0.484375 0.204167 0.481250 0.200000 0.476562 0.200000 0.473438 0.195833 0.473438 0.187500 0.471875 0.187500 0.470313 0.185417 0.470313 0.087500 0.468750 0.085417 0.468750 0.068750 0.467187 0.066667 0.467187 0.054167 0.465625 0.052083 0.465625 0.041667 0.464062 0.039583 0.464062 0.035417 0.462500 0.033333 0.462500 0.031250 0.464062 0.029167 0.464062 0.022917 0.462500 0.020833 0.462500 0.016667 0.460938 0.014583 0.460938 0.008333 0.459375 0.006250 0.459375 0.000000 
