person_58 0.360938 0.783333 0.360938 0.785417 0.362500 0.785417 0.364063 0.783333 
person_58 0.346875 0.783333 0.345313 0.785417 0.348438 0.789583 0.348438 0.783333 
person_58 0.251563 0.781250 0.251563 0.785417 0.253125 0.783333 
person_58 0.360938 0.766667 0.360938 0.768750 0.364063 0.768750 0.365625 0.766667 
person_58 0.346875 0.750000 0.345313 0.752083 0.346875 0.752083 0.348438 0.754167 0.350000 0.752083 0.350000 0.750000 
person_58 0.371875 0.725000 0.370312 0.727083 0.370312 0.729167 0.365625 0.735417 0.360938 0.735417 0.360938 0.739583 0.371875 0.739583 0.370312 0.737500 0.370312 0.733333 0.371875 0.731250 
person_58 0.345313 0.704167 0.342187 0.708333 0.340625 0.708333 0.337500 0.712500 0.332813 0.712500 0.337500 0.712500 0.339062 0.714583 0.343750 0.714583 0.345313 0.716667 0.345313 0.722917 0.346875 0.722917 0.348438 0.725000 0.351562 0.720833 0.356250 0.720833 0.357812 0.722917 0.362500 0.722917 0.364063 0.725000 0.367188 0.720833 0.368750 0.720833 0.371875 0.716667 0.371875 0.710417 0.368750 0.710417 0.367188 0.708333 0.367188 0.706250 0.368750 0.704167 0.359375 0.704167 0.360938 0.706250 0.360938 0.708333 0.362500 0.710417 0.362500 0.712500 0.360938 0.714583 0.357812 0.714583 0.357812 0.716667 0.356250 0.718750 0.354687 0.716667 0.353125 0.716667 0.348438 0.710417 0.348438 0.706250 0.350000 0.704167 
person_58 0.289062 0.704167 0.289062 0.706250 0.290625 0.708333 0.287500 0.712500 0.285938 0.712500 0.287500 0.712500 0.289062 0.710417 0.293750 0.710417 0.293750 0.704167 
person_58 0.601562 0.689583 0.600000 0.691667 0.598437 0.691667 0.600000 0.691667 0.601562 0.689583 0.603125 0.689583 0.604688 0.691667 0.604688 0.697917 0.606250 0.700000 0.606250 0.697917 0.607812 0.695833 0.606250 0.693750 0.606250 0.689583 
person_58 0.226562 0.687500 0.226562 0.689583 0.228125 0.689583 0.228125 0.687500 
person_58 0.237500 0.664583 0.235937 0.666667 0.231250 0.666667 0.232813 0.668750 0.231250 0.670833 0.225000 0.670833 0.223438 0.672917 0.221875 0.672917 0.220312 0.675000 0.220312 0.679167 0.221875 0.681250 0.226562 0.681250 0.228125 0.679167 0.231250 0.679167 0.232813 0.677083 0.234375 0.677083 0.234375 0.675000 0.235937 0.672917 0.239063 0.672917 0.240625 0.675000 0.246875 0.675000 0.248438 0.672917 0.250000 0.672917 0.242188 0.672917 0.240625 0.670833 0.239063 0.670833 0.237500 0.668750 0.239063 0.666667 0.240625 0.666667 0.240625 0.664583 
person_58 0.254688 0.656250 0.253125 0.658333 0.250000 0.658333 0.250000 0.660417 0.251563 0.660417 0.253125 0.658333 0.256250 0.658333 0.257812 0.660417 0.270313 0.660417 0.271875 0.658333 0.275000 0.658333 0.275000 0.656250 
person_58 0.234375 0.589583 0.234375 0.591667 0.235937 0.593750 0.235937 0.595833 0.240625 0.595833 0.240625 0.593750 0.237500 0.593750 0.235937 0.591667 0.235937 0.589583 
person_58 0.281250 0.579167 0.281250 0.583333 0.284375 0.583333 0.285938 0.581250 0.287500 0.581250 0.289062 0.583333 0.287500 0.585417 0.289062 0.587500 0.295312 0.587500 0.295312 0.585417 0.296875 0.583333 0.298438 0.583333 0.296875 0.583333 0.295312 0.585417 0.292187 0.585417 0.290625 0.583333 0.290625 0.581250 0.289062 0.579167 
person_58 0.220312 0.579167 0.220312 0.583333 0.221875 0.581250 0.223438 0.581250 0.225000 0.579167 0.226562 0.579167 
person_58 0.259375 0.577083 0.257812 0.579167 0.251563 0.579167 0.251563 0.581250 0.253125 0.579167 0.254688 0.579167 0.256250 0.581250 0.257812 0.581250 0.259375 0.583333 0.260937 0.581250 0.265625 0.581250 0.265625 0.579167 0.260937 0.579167 
person_58 0.220312 0.566667 0.220312 0.570833 0.225000 0.570833 0.221875 0.570833 0.220312 0.568750 
person_58 0.304688 0.562500 0.304688 0.564583 0.306250 0.564583 0.306250 0.562500 
person_58 0.290625 0.560417 0.289062 0.562500 0.289062 0.564583 0.290625 0.566667 0.292187 0.564583 0.292187 0.562500 
person_58 0.189062 0.558333 0.189062 0.560417 0.190625 0.558333 
person_58 0.564063 0.550000 0.564063 0.552083 0.565625 0.552083 0.565625 0.550000 
person_58 0.220312 0.547917 0.220312 0.550000 0.242188 0.550000 0.243750 0.552083 0.246875 0.547917 0.248438 0.547917 
person_58 0.175000 0.547917 0.176563 0.550000 0.178125 0.550000 0.179688 0.552083 0.181250 0.552083 0.181250 0.550000 0.182812 0.547917 
person_58 0.220312 0.516667 0.220312 0.520833 0.221875 0.518750 0.228125 0.518750 0.229687 0.516667 0.231250 0.516667 
person_58 0.225000 0.485417 0.226562 0.487500 0.231250 0.487500 0.232813 0.485417 
person_58 0.587500 0.270833 0.585938 0.272917 0.571875 0.272917 0.570312 0.275000 0.568750 0.275000 0.567187 0.277083 0.556250 0.277083 0.554688 0.279167 0.556250 0.281250 0.556250 0.283333 0.550000 0.291667 0.550000 0.293750 0.548438 0.295833 0.548438 0.297917 0.546875 0.300000 0.546875 0.302083 0.545312 0.304167 0.543750 0.304167 0.531250 0.320833 0.531250 0.325000 0.528125 0.329167 0.528125 0.331250 0.525000 0.335417 0.525000 0.339583 0.523438 0.341667 0.523438 0.343750 0.520312 0.347917 0.520312 0.356250 0.518750 0.358333 0.517188 0.358333 0.515625 0.360417 0.515625 0.368750 0.517188 0.370833 0.515625 0.372917 0.515625 0.375000 0.514062 0.377083 0.515625 0.379167 0.515625 0.385417 0.517188 0.387500 0.515625 0.389583 0.515625 0.395833 0.520312 0.402083 0.520312 0.404167 0.518750 0.406250 0.517188 0.406250 0.517188 0.410417 0.520312 0.410417 0.523438 0.414583 0.523438 0.416667 0.529687 0.425000 0.531250 0.422917 0.532813 0.422917 0.535937 0.427083 0.539062 0.427083 0.540625 0.429167 0.540625 0.431250 0.551562 0.431250 0.554688 0.435417 0.554688 0.437500 0.557813 0.441667 0.554688 0.445833 0.554688 0.447917 0.556250 0.450000 0.553125 0.454167 0.553125 0.466667 0.551562 0.468750 0.551562 0.470833 0.550000 0.472917 0.550000 0.475000 0.548438 0.477083 0.545312 0.477083 0.543750 0.475000 0.543750 0.468750 0.540625 0.468750 0.539062 0.470833 0.540625 0.472917 0.540625 0.477083 0.543750 0.481250 0.543750 0.483333 0.542188 0.485417 0.545312 0.489583 0.545312 0.495833 0.546875 0.497917 0.545312 0.500000 0.545312 0.504167 0.546875 0.506250 0.546875 0.508333 0.548438 0.508333 0.551562 0.512500 0.551562 0.514583 0.554688 0.518750 0.554688 0.520833 0.556250 0.522917 0.556250 0.527083 0.560937 0.533333 0.560937 0.537500 0.562500 0.539583 0.562500 0.543750 0.564063 0.545833 0.567187 0.545833 0.568750 0.547917 0.568750 0.552083 0.570312 0.554167 0.570312 0.558333 0.571875 0.560417 0.584375 0.560417 0.585938 0.562500 0.587500 0.562500 0.589063 0.564583 0.589063 0.572917 0.590625 0.575000 0.589063 0.577083 0.585938 0.577083 0.584375 0.579167 0.585938 0.581250 0.585938 0.587500 0.584375 0.589583 0.584375 0.591667 0.585938 0.593750 0.585938 0.595833 0.587500 0.597917 0.589063 0.597917 0.590625 0.600000 0.593750 0.600000 0.598437 0.606250 0.598437 0.608333 0.596875 0.610417 0.598437 0.612500 0.598437 0.614583 0.600000 0.614583 0.601562 0.616667 0.603125 0.616667 0.604688 0.618750 0.604688 0.622917 0.601562 0.627083 0.609375 0.637500 0.607812 0.639583 0.604688 0.639583 0.603125 0.641667 0.603125 0.643750 0.604688 0.645833 0.612500 0.645833 0.614062 0.647917 0.615625 0.647917 0.617188 0.650000 0.617188 0.652083 0.618750 0.654167 0.628125 0.654167 0.631250 0.658333 0.629687 0.660417 0.631250 0.662500 0.631250 0.675000 0.629687 0.677083 0.632812 0.681250 0.632812 0.683333 0.626563 0.691667 0.621875 0.691667 0.618750 0.695833 0.614062 0.695833 0.614062 0.697917 0.615625 0.700000 0.614062 0.702083 0.612500 0.702083 0.610938 0.704167 0.609375 0.704167 0.604688 0.710417 0.603125 0.710417 0.601562 0.712500 0.601562 0.714583 0.600000 0.716667 0.600000 0.718750 0.596875 0.722917 0.596875 0.725000 0.595313 0.727083 0.593750 0.727083 0.592187 0.729167 0.592187 0.737500 0.587500 0.743750 0.587500 0.745833 0.585938 0.747917 0.585938 0.750000 0.584375 0.752083 0.584375 0.754167 0.581250 0.758333 0.581250 0.760417 0.579688 0.762500 0.578125 0.762500 0.576562 0.764583 0.576562 0.766667 0.575000 0.768750 0.575000 0.770833 0.573438 0.772917 0.571875 0.772917 0.571875 0.775000 0.567187 0.781250 0.567187 0.783333 0.560937 0.791667 0.560937 0.797917 0.556250 0.804167 0.554688 0.804167 0.554688 0.806250 0.550000 0.812500 0.550000 0.814583 0.548438 0.816667 0.545312 0.816667 0.542188 0.820833 0.542188 0.825000 0.535937 0.833333 0.534375 0.833333 0.532813 0.835417 0.528125 0.835417 0.526563 0.837500 0.523438 0.837500 0.520312 0.841667 0.515625 0.841667 0.514062 0.843750 0.512500 0.843750 0.512500 0.845833 0.509375 0.850000 0.507812 0.850000 0.506250 0.852083 0.506250 0.854167 0.504687 0.856250 0.503125 0.856250 0.503125 0.858333 0.498437 0.864583 0.498437 0.866667 0.496875 0.868750 0.496875 0.870833 0.493750 0.875000 0.490625 0.875000 0.489063 0.877083 0.487500 0.875000 0.478125 0.875000 0.476562 0.877083 0.475000 0.877083 0.473438 0.879167 0.467187 0.879167 0.465625 0.877083 0.464062 0.879167 0.456250 0.879167 0.454688 0.881250 0.440625 0.881250 0.439063 0.883333 0.432812 0.883333 0.431250 0.885417 0.428125 0.885417 0.426563 0.887500 0.421875 0.887500 0.420312 0.889583 0.418750 0.889583 0.415625 0.893750 0.414062 0.893750 0.410938 0.897917 0.407813 0.897917 0.406250 0.900000 0.398438 0.900000 0.398438 0.910417 0.396875 0.912500 0.395313 0.912500 0.390625 0.918750 0.390625 0.920833 0.389062 0.922917 0.389062 0.927083 0.387500 0.929167 0.385937 0.929167 0.384375 0.931250 0.384375 0.943750 0.382812 0.945833 0.382812 0.950000 0.381250 0.952083 0.381250 0.954167 0.376563 0.960417 0.367188 0.960417 0.365625 0.962500 0.359375 0.962500 0.356250 0.966667 0.351562 0.966667 0.350000 0.968750 0.343750 0.968750 0.342187 0.970833 0.340625 0.970833 0.339062 0.972917 0.334375 0.972917 0.332813 0.975000 0.326562 0.975000 0.325000 0.972917 0.325000 0.970833 0.314063 0.970833 0.318750 0.970833 0.320312 0.972917 0.320312 0.975000 0.318750 0.977083 0.315625 0.977083 0.314063 0.979167 0.312500 0.979167 0.310937 0.981250 0.307812 0.981250 0.306250 0.979167 0.303125 0.979167 0.301563 0.977083 0.301563 0.979167 0.303125 0.981250 0.301563 0.983333 0.298438 0.983333 0.296875 0.981250 0.295312 0.981250 0.292187 0.977083 0.285938 0.977083 0.287500 0.977083 0.290625 0.981250 0.287500 0.985417 0.287500 0.987500 0.282813 0.993750 0.281250 0.991667 0.273438 0.991667 0.271875 0.993750 0.275000 0.993750 0.278125 0.997917 0.279687 0.995833 0.281250 0.995833 0.282813 0.993750 0.284375 0.995833 0.284375 0.997917 0.823438 0.997917 0.823438 0.995833 0.825000 0.993750 0.825000 0.981250 0.823438 0.979167 0.823438 0.970833 0.821875 0.968750 0.821875 0.964583 0.820312 0.962500 0.820312 0.960417 0.821875 0.958333 0.821875 0.947917 0.823438 0.945833 0.821875 0.943750 0.821875 0.918750 0.820312 0.916667 0.820312 0.906250 0.818750 0.904167 0.818750 0.902083 0.820312 0.900000 0.820312 0.889583 0.818750 0.887500 0.818750 0.885417 0.820312 0.883333 0.820312 0.872917 0.809375 0.872917 0.807813 0.870833 0.809375 0.868750 0.812500 0.868750 0.814063 0.866667 0.815625 0.868750 0.818750 0.868750 0.821875 0.864583 0.821875 0.854167 0.820312 0.852083 0.821875 0.850000 0.821875 0.845833 0.817187 0.839583 0.818750 0.837500 0.817187 0.835417 0.817187 0.827083 0.818750 0.825000 0.818750 0.812500 0.817187 0.810417 0.817187 0.804167 0.815625 0.802083 0.815625 0.789583 0.814063 0.787500 0.814063 0.766667 0.812500 0.764583 0.810937 0.764583 0.809375 0.762500 0.810937 0.760417 0.812500 0.760417 0.812500 0.752083 0.812500 0.754167 0.810937 0.756250 0.809375 0.756250 0.806250 0.752083 0.806250 0.750000 0.807813 0.747917 0.807813 0.745833 0.806250 0.743750 0.806250 0.741667 0.804688 0.739583 0.804688 0.737500 0.803125 0.735417 0.803125 0.729167 0.801562 0.727083 0.801562 0.722917 0.800000 0.720833 0.804688 0.714583 0.803125 0.712500 0.803125 0.710417 0.801562 0.708333 0.801562 0.706250 0.800000 0.704167 0.801562 0.702083 0.804688 0.702083 0.806250 0.700000 0.806250 0.697917 0.804688 0.695833 0.804688 0.687500 0.806250 0.685417 0.806250 0.652083 0.804688 0.650000 0.804688 0.631250 0.803125 0.629167 0.803125 0.604167 0.801562 0.602083 0.801562 0.585417 0.800000 0.583333 0.800000 0.570833 0.798438 0.568750 0.798438 0.550000 0.796875 0.547917 0.796875 0.545833 0.798438 0.543750 0.796875 0.541667 0.796875 0.539583 0.795312 0.537500 0.795312 0.531250 0.796875 0.529167 0.796875 0.525000 0.795312 0.522917 0.795312 0.520833 0.793750 0.518750 0.793750 0.502083 0.792188 0.500000 0.792188 0.491667 0.793750 0.489583 0.790625 0.485417 0.793750 0.481250 0.793750 0.479167 0.792188 0.477083 0.792188 0.472917 0.790625 0.470833 0.790625 0.466667 0.771875 0.466667 0.770312 0.468750 0.762500 0.468750 0.760938 0.466667 0.757812 0.466667 0.756250 0.464583 0.754687 0.464583 0.750000 0.458333 0.750000 0.452083 0.748437 0.450000 0.748437 0.447917 0.746875 0.445833 0.746875 0.443750 0.743750 0.439583 0.743750 0.437500 0.745313 0.435417 0.745313 0.431250 0.743750 0.429167 0.743750 0.427083 0.742188 0.425000 0.742188 0.420833 0.740625 0.418750 0.740625 0.416667 0.739062 0.414583 0.739062 0.412500 0.737500 0.410417 0.739062 0.408333 0.734375 0.402083 0.734375 0.397917 0.731250 0.393750 0.731250 0.389583 0.726562 0.383333 0.726562 0.381250 0.725000 0.379167 0.725000 0.377083 0.721875 0.372917 0.721875 0.370833 0.720313 0.368750 0.720313 0.366667 0.718750 0.364583 0.718750 0.362500 0.715625 0.358333 0.715625 0.352083 0.709375 0.343750 0.707812 0.343750 0.701562 0.335417 0.701562 0.333333 0.700000 0.333333 0.695312 0.327083 0.693750 0.327083 0.692187 0.325000 0.690625 0.325000 0.685937 0.318750 0.684375 0.318750 0.682813 0.316667 0.681250 0.316667 0.676562 0.310417 0.675000 0.310417 0.671875 0.306250 0.668750 0.306250 0.665625 0.302083 0.662500 0.302083 0.653125 0.289583 0.650000 0.289583 0.648438 0.287500 0.643750 0.287500 0.642188 0.285417 0.637500 0.285417 0.635938 0.283333 0.632812 0.283333 0.631250 0.281250 0.629687 0.281250 0.626563 0.277083 0.623437 0.277083 0.621875 0.275000 0.615625 0.275000 0.614062 0.272917 0.609375 0.272917 0.607812 0.275000 0.604688 0.275000 0.603125 0.272917 0.601562 0.275000 0.596875 0.275000 0.595313 0.272917 0.590625 0.272917 0.589063 0.270833 
