person_87 0.651563 0.991667 0.651563 0.993750 0.654687 0.993750 0.653125 0.991667 
person_87 0.645312 0.991667 0.645312 0.993750 0.646875 0.993750 0.646875 0.991667 
person_87 0.323437 0.991667 0.323437 0.993750 0.326562 0.993750 0.326562 0.991667 
person_87 0.317188 0.991667 0.317188 0.993750 0.320312 0.993750 0.318750 0.991667 
person_87 0.270313 0.991667 0.270313 0.993750 0.271875 0.991667 
person_87 0.253125 0.991667 0.253125 0.993750 0.256250 0.993750 0.256250 0.991667 
person_87 0.221875 0.991667 0.221875 0.993750 0.225000 0.993750 0.225000 0.991667 
person_87 0.143750 0.991667 0.143750 0.993750 0.146875 0.993750 0.146875 0.991667 
person_87 0.681250 0.989583 0.679688 0.991667 0.675000 0.991667 0.675000 0.993750 0.685937 0.993750 0.685937 0.991667 0.682813 0.991667 
person_87 0.223438 0.983333 0.221875 0.985417 0.225000 0.985417 
person_87 0.650000 0.972917 0.648438 0.975000 0.646875 0.975000 0.645312 0.977083 0.643750 0.977083 0.646875 0.981250 0.648438 0.981250 0.650000 0.983333 0.651563 0.983333 0.653125 0.985417 0.653125 0.983333 0.651563 0.981250 0.653125 0.979167 0.654687 0.979167 0.654687 0.977083 0.653125 0.975000 0.651563 0.975000 
person_87 0.221875 0.968750 0.221875 0.970833 0.225000 0.970833 0.226562 0.972917 0.225000 0.975000 0.223438 0.975000 0.221875 0.977083 0.221875 0.979167 0.220312 0.981250 0.221875 0.979167 0.225000 0.979167 0.226562 0.981250 0.228125 0.981250 0.226562 0.981250 0.225000 0.979167 0.225000 0.975000 0.226562 0.972917 0.228125 0.972917 0.226562 0.972917 0.225000 0.970833 0.225000 0.968750 
person_87 0.120313 0.968750 0.118750 0.970833 0.112500 0.970833 0.115625 0.970833 0.117188 0.972917 0.114062 0.977083 0.115625 0.977083 0.117188 0.975000 0.118750 0.975000 0.120313 0.977083 0.120313 0.979167 0.118750 0.981250 0.117188 0.981250 0.117188 0.983333 0.115625 0.985417 0.112500 0.985417 0.114062 0.985417 0.117188 0.989583 0.115625 0.991667 0.114062 0.991667 0.114062 0.993750 0.115625 0.993750 0.115625 0.991667 0.117188 0.989583 0.118750 0.989583 0.121875 0.993750 0.123438 0.993750 0.123438 0.991667 0.121875 0.989583 0.121875 0.987500 0.123438 0.985417 0.120313 0.981250 0.123438 0.977083 0.120313 0.972917 0.121875 0.970833 0.121875 0.968750 
person_87 0.714063 0.962500 0.712500 0.964583 0.712500 0.968750 0.710938 0.970833 0.710938 0.975000 0.709375 0.977083 0.706250 0.977083 0.709375 0.977083 0.710938 0.979167 0.710938 0.981250 0.714063 0.981250 0.715625 0.979167 0.717187 0.981250 0.717187 0.985417 0.718750 0.987500 0.718750 0.989583 0.715625 0.993750 0.718750 0.993750 0.720313 0.995833 0.721875 0.993750 0.723437 0.993750 0.723437 0.991667 0.721875 0.989583 0.721875 0.987500 0.723437 0.985417 0.723437 0.983333 0.721875 0.981250 0.723437 0.979167 0.725000 0.979167 0.725000 0.975000 0.726562 0.972917 0.728125 0.972917 0.726562 0.972917 0.723437 0.968750 0.721875 0.968750 0.720313 0.966667 0.720313 0.964583 0.721875 0.962500 0.723437 0.962500 0.721875 0.962500 0.720313 0.964583 0.718750 0.964583 0.717187 0.962500 
person_87 0.270313 0.960417 0.270313 0.962500 0.271875 0.962500 
person_87 0.254688 0.960417 0.253125 0.962500 0.256250 0.962500 0.256250 0.960417 
person_87 0.246875 0.960417 0.246875 0.962500 0.248438 0.962500 0.248438 0.960417 
person_87 0.223438 0.960417 0.221875 0.962500 0.225000 0.962500 0.225000 0.960417 
person_87 0.200000 0.960417 0.200000 0.962500 0.201563 0.962500 0.201563 0.960417 
person_87 0.159375 0.960417 0.159375 0.962500 0.162500 0.962500 0.162500 0.960417 
person_87 0.159375 0.954167 0.160938 0.956250 0.162500 0.954167 
person_87 0.254688 0.952083 0.253125 0.954167 0.256250 0.954167 
person_87 0.643750 0.945833 0.643750 0.947917 0.642188 0.950000 0.643750 0.952083 0.643750 0.954167 0.646875 0.958333 0.645312 0.960417 0.643750 0.960417 0.642188 0.962500 0.642188 0.966667 0.643750 0.966667 0.645312 0.968750 0.646875 0.968750 0.648438 0.966667 0.651563 0.966667 0.654687 0.962500 0.653125 0.960417 0.651563 0.960417 0.646875 0.954167 0.648438 0.952083 0.651563 0.952083 0.651563 0.950000 0.653125 0.947917 0.654687 0.947917 0.654687 0.945833 0.651563 0.945833 0.650000 0.947917 0.648438 0.945833 
person_87 0.215625 0.945833 0.215625 0.947917 0.217188 0.945833 
person_87 0.200000 0.945833 0.200000 0.947917 0.201563 0.945833 
person_87 0.223438 0.943750 0.221875 0.945833 0.223438 0.947917 0.225000 0.947917 0.225000 0.945833 
person_87 0.223438 0.937500 0.221875 0.939583 0.225000 0.939583 
person_87 0.251563 0.935417 0.251563 0.941667 0.253125 0.943750 0.253125 0.947917 0.251563 0.950000 0.253125 0.947917 0.256250 0.947917 0.257812 0.950000 0.259375 0.950000 0.257812 0.950000 0.256250 0.947917 0.256250 0.943750 0.254688 0.943750 0.253125 0.941667 0.254688 0.939583 0.256250 0.939583 0.256250 0.937500 0.253125 0.937500 
person_87 0.189062 0.933333 0.189062 0.935417 0.187500 0.937500 0.185938 0.937500 0.182812 0.941667 0.181250 0.941667 0.178125 0.937500 0.173437 0.937500 0.171875 0.939583 0.171875 0.941667 0.175000 0.945833 0.175000 0.947917 0.170313 0.954167 0.171875 0.956250 0.171875 0.958333 0.170313 0.960417 0.168750 0.960417 0.168750 0.962500 0.170313 0.962500 0.171875 0.964583 0.171875 0.966667 0.170313 0.968750 0.168750 0.968750 0.168750 0.970833 0.167187 0.972917 0.164062 0.972917 0.162500 0.970833 0.162500 0.968750 0.159375 0.968750 0.160938 0.970833 0.162500 0.970833 0.164062 0.972917 0.160938 0.977083 0.159375 0.977083 0.159375 0.979167 0.157812 0.981250 0.156250 0.981250 0.154688 0.979167 0.154688 0.977083 0.153125 0.977083 0.150000 0.981250 0.148438 0.981250 0.150000 0.983333 0.153125 0.979167 0.154688 0.979167 0.156250 0.981250 0.157812 0.981250 0.159375 0.979167 0.162500 0.979167 0.164062 0.981250 0.160938 0.985417 0.159375 0.985417 0.162500 0.985417 0.164062 0.987500 0.164062 0.989583 0.162500 0.991667 0.160938 0.991667 0.160938 0.993750 0.162500 0.993750 0.164062 0.991667 0.165625 0.991667 0.167187 0.993750 0.170313 0.993750 0.171875 0.991667 0.175000 0.991667 0.176563 0.993750 0.178125 0.991667 0.178125 0.989583 0.179688 0.987500 0.179688 0.985417 0.181250 0.983333 0.182812 0.983333 0.182812 0.981250 0.184375 0.979167 0.185938 0.979167 0.189062 0.975000 0.190625 0.977083 0.190625 0.979167 0.193750 0.979167 0.195312 0.981250 0.192188 0.985417 0.190625 0.985417 0.192188 0.985417 0.195312 0.989583 0.193750 0.991667 0.192188 0.991667 0.192188 0.993750 0.195312 0.989583 0.198437 0.989583 0.200000 0.991667 0.200000 0.993750 0.201563 0.991667 0.200000 0.991667 0.198437 0.989583 0.201563 0.985417 0.203125 0.985417 0.203125 0.983333 0.204687 0.981250 0.203125 0.981250 0.201563 0.979167 0.201563 0.975000 0.200000 0.975000 0.198437 0.972917 0.200000 0.970833 0.203125 0.970833 0.204687 0.972917 0.206250 0.970833 0.207813 0.970833 0.209375 0.972917 0.206250 0.977083 0.207813 0.979167 0.210938 0.975000 0.212500 0.975000 0.214062 0.977083 0.214062 0.979167 0.212500 0.981250 0.210938 0.981250 0.214062 0.985417 0.212500 0.987500 0.210938 0.987500 0.209375 0.985417 0.206250 0.985417 0.209375 0.985417 0.210938 0.987500 0.210938 0.989583 0.209375 0.991667 0.207813 0.991667 0.207813 0.993750 0.210938 0.989583 0.212500 0.989583 0.215625 0.993750 0.217188 0.993750 0.217188 0.991667 0.215625 0.991667 0.214062 0.989583 0.214062 0.987500 0.215625 0.985417 0.217188 0.985417 0.214062 0.985417 0.212500 0.983333 0.212500 0.981250 0.214062 0.979167 0.217188 0.979167 0.217188 0.977083 0.214062 0.972917 0.215625 0.970833 0.217188 0.970833 0.215625 0.968750 0.212500 0.972917 0.209375 0.968750 0.206250 0.968750 0.206250 0.970833 0.204687 0.972917 0.203125 0.970833 0.203125 0.968750 0.198437 0.968750 0.196875 0.966667 0.195312 0.968750 0.192188 0.968750 0.190625 0.966667 0.193750 0.962500 0.193750 0.960417 0.195312 0.958333 0.193750 0.956250 0.193750 0.952083 0.192188 0.952083 0.190625 0.950000 0.192188 0.947917 0.193750 0.947917 0.193750 0.937500 0.192188 0.937500 
person_87 0.660937 0.929167 0.660937 0.931250 0.662500 0.931250 
person_87 0.253125 0.929167 0.253125 0.931250 0.256250 0.931250 0.256250 0.929167 
person_87 0.239063 0.929167 0.237500 0.931250 0.240625 0.931250 0.240625 0.929167 
person_87 0.215625 0.929167 0.215625 0.931250 0.217188 0.931250 
person_87 0.200000 0.929167 0.200000 0.931250 0.203125 0.935417 0.204687 0.935417 0.204687 0.933333 0.206250 0.931250 0.209375 0.931250 0.212500 0.935417 0.212500 0.933333 0.210938 0.933333 0.209375 0.931250 0.209375 0.929167 0.206250 0.929167 0.206250 0.931250 0.204687 0.933333 0.203125 0.933333 0.201563 0.931250 0.201563 0.929167 
person_87 0.106250 0.929167 0.106250 0.931250 0.104688 0.933333 0.103125 0.933333 0.103125 0.935417 0.104688 0.933333 0.106250 0.933333 
person_87 0.253125 0.922917 0.254688 0.925000 0.256250 0.922917 
person_87 0.673438 0.920833 0.671875 0.922917 0.668750 0.922917 0.671875 0.927083 0.670312 0.929167 0.668750 0.929167 0.668750 0.931250 0.670312 0.931250 0.670312 0.929167 0.671875 0.927083 0.673438 0.927083 0.675000 0.929167 0.675000 0.931250 0.671875 0.935417 0.671875 0.941667 0.675000 0.945833 0.671875 0.950000 0.673438 0.952083 0.673438 0.958333 0.675000 0.960417 0.675000 0.962500 0.679688 0.962500 0.681250 0.964583 0.678125 0.968750 0.675000 0.968750 0.673438 0.966667 0.673438 0.968750 0.671875 0.970833 0.673438 0.972917 0.673438 0.975000 0.675000 0.977083 0.673438 0.979167 0.673438 0.983333 0.675000 0.983333 0.676562 0.985417 0.675000 0.983333 0.675000 0.981250 0.676562 0.979167 0.678125 0.979167 0.679688 0.981250 0.679688 0.983333 0.682813 0.983333 0.684375 0.985417 0.684375 0.981250 0.685937 0.979167 0.685937 0.977083 0.682813 0.972917 0.684375 0.970833 0.684375 0.968750 0.682813 0.968750 0.681250 0.966667 0.681250 0.964583 0.682813 0.962500 0.685937 0.962500 0.684375 0.960417 0.681250 0.964583 0.678125 0.960417 0.675000 0.960417 0.673438 0.958333 0.676562 0.954167 0.678125 0.954167 0.676562 0.954167 0.673438 0.950000 0.675000 0.947917 0.678125 0.947917 0.679688 0.950000 0.682813 0.950000 0.684375 0.947917 0.684375 0.945833 0.682813 0.945833 0.681250 0.947917 0.678125 0.943750 0.676562 0.943750 0.675000 0.941667 0.676562 0.939583 0.678125 0.939583 0.684375 0.931250 0.684375 0.929167 0.682813 0.929167 0.681250 0.927083 0.682813 0.925000 0.684375 0.925000 0.685937 0.922917 0.682813 0.922917 0.681250 0.925000 0.679688 0.922917 0.675000 0.922917 
person_87 0.159375 0.914583 0.160938 0.916667 0.162500 0.914583 
person_87 0.143750 0.914583 0.143750 0.916667 0.146875 0.916667 0.146875 0.914583 
person_87 0.176563 0.912500 0.175000 0.914583 0.176563 0.916667 0.178125 0.914583 
person_87 0.253125 0.906250 0.251563 0.908333 0.251563 0.910417 0.253125 0.910417 0.254688 0.912500 0.254688 0.914583 0.254688 0.910417 0.256250 0.908333 0.256250 0.906250 
person_87 0.071875 0.904167 0.070312 0.906250 0.065625 0.906250 0.064062 0.908333 0.054688 0.908333 0.053125 0.906250 0.051562 0.906250 0.050000 0.908333 0.045312 0.908333 0.043750 0.906250 0.042188 0.908333 0.039062 0.908333 0.037500 0.906250 0.034375 0.906250 0.032813 0.908333 0.031250 0.908333 0.029687 0.906250 0.014063 0.906250 0.012500 0.908333 0.004687 0.908333 0.006250 0.910417 0.004687 0.912500 0.004687 0.916667 0.006250 0.918750 0.004687 0.920833 0.003125 0.920833 0.003125 0.922917 0.000000 0.927083 0.001563 0.927083 0.003125 0.929167 0.003125 0.931250 0.001563 0.933333 0.000000 0.933333 0.000000 0.935417 0.001563 0.935417 0.003125 0.937500 0.003125 0.939583 0.004687 0.939583 0.006250 0.941667 0.004687 0.943750 0.003125 0.943750 0.003125 0.945833 0.000000 0.950000 0.000000 0.952083 0.003125 0.956250 0.003125 0.960417 0.000000 0.964583 0.000000 0.968750 0.001563 0.970833 0.001563 0.972917 0.000000 0.975000 0.000000 0.997917 0.032813 0.997917 0.034375 0.995833 0.039062 0.995833 0.040625 0.997917 0.042188 0.995833 0.045312 0.995833 0.046875 0.997917 0.050000 0.997917 0.051562 0.995833 0.053125 0.995833 0.054688 0.997917 0.057813 0.997917 0.059375 0.995833 0.060937 0.997917 0.078125 0.997917 0.079687 0.995833 0.085938 0.995833 0.087500 0.993750 0.089063 0.995833 0.092188 0.995833 0.093750 0.993750 0.101562 0.993750 0.103125 0.991667 0.104688 0.993750 0.107813 0.993750 0.107813 0.991667 0.106250 0.991667 0.104688 0.989583 0.107813 0.985417 0.109375 0.985417 0.109375 0.968750 0.107813 0.966667 0.107813 0.954167 0.106250 0.952083 0.104688 0.952083 0.103125 0.950000 0.103125 0.952083 0.101562 0.954167 0.096875 0.954167 0.095312 0.956250 0.093750 0.956250 0.090625 0.952083 0.090625 0.950000 0.092188 0.947917 0.092188 0.945833 0.089063 0.941667 0.090625 0.939583 0.090625 0.937500 0.092188 0.935417 0.092188 0.920833 0.090625 0.918750 0.092188 0.916667 0.092188 0.912500 0.090625 0.912500 0.089063 0.910417 0.085938 0.910417 0.082812 0.906250 0.079687 0.910417 0.078125 0.910417 0.075000 0.906250 0.073438 0.906250 
person_87 0.246875 0.897917 0.246875 0.900000 0.248438 0.900000 
person_87 0.239063 0.897917 0.239063 0.900000 0.240625 0.900000 0.240625 0.897917 
person_87 0.254688 0.881250 0.254688 0.885417 0.256250 0.883333 
person_87 0.254688 0.866667 0.253125 0.868750 0.256250 0.868750 
person_87 0.145313 0.866667 0.145313 0.868750 0.146875 0.868750 
person_87 0.145313 0.852083 0.145313 0.854167 0.146875 0.852083 
person_87 0.129688 0.852083 0.129688 0.854167 0.131250 0.852083 
person_87 0.157812 0.847917 0.159375 0.850000 0.159375 0.854167 0.157812 0.856250 0.157812 0.858333 0.159375 0.860417 0.157812 0.862500 0.157812 0.864583 0.159375 0.866667 0.159375 0.868750 0.157812 0.870833 0.157812 0.872917 0.159375 0.872917 0.160938 0.870833 0.162500 0.870833 0.164062 0.872917 0.165625 0.872917 0.168750 0.868750 0.170313 0.868750 0.168750 0.868750 0.167187 0.870833 0.164062 0.870833 0.162500 0.868750 0.162500 0.866667 0.160938 0.866667 0.159375 0.864583 0.162500 0.860417 0.162500 0.858333 0.164062 0.856250 0.167187 0.856250 0.170313 0.852083 0.168750 0.852083 0.168750 0.854167 0.167187 0.856250 0.164062 0.856250 0.162500 0.854167 0.162500 0.850000 0.159375 0.850000 
person_87 0.673438 0.841667 0.673438 0.847917 0.675000 0.845833 0.678125 0.845833 0.676562 0.843750 0.675000 0.843750 
person_87 0.676562 0.835417 0.675000 0.837500 0.678125 0.837500 0.678125 0.835417 
person_87 0.262500 0.835417 0.262500 0.839583 0.264062 0.837500 
person_87 0.223438 0.835417 0.221875 0.837500 0.225000 0.837500 
person_87 0.145313 0.835417 0.143750 0.837500 0.146875 0.837500 0.146875 0.835417 
person_87 0.703125 0.829167 0.703125 0.833333 0.706250 0.833333 0.707812 0.835417 0.707812 0.837500 0.707812 0.835417 0.706250 0.833333 0.706250 0.831250 0.707812 0.829167 0.709375 0.829167 
person_87 0.246875 0.820833 0.246875 0.822917 0.248438 0.820833 
person_87 0.221875 0.820833 0.223438 0.822917 0.225000 0.820833 
person_87 0.160938 0.804167 0.160938 0.806250 0.162500 0.806250 
person_87 0.254688 0.787500 0.253125 0.789583 0.253125 0.793750 0.254688 0.795833 0.254688 0.797917 0.256250 0.795833 0.262500 0.795833 0.264062 0.793750 0.264062 0.789583 0.262500 0.787500 0.259375 0.791667 0.256250 0.787500 
person_87 0.168750 0.775000 0.168750 0.777083 0.170313 0.775000 
person_87 0.689063 0.772917 0.687500 0.775000 0.687500 0.779167 0.685937 0.781250 0.685937 0.783333 0.687500 0.785417 0.684375 0.789583 0.682813 0.789583 0.681250 0.791667 0.679688 0.791667 0.678125 0.789583 0.675000 0.789583 0.676562 0.791667 0.678125 0.791667 0.679688 0.793750 0.679688 0.795833 0.682813 0.795833 0.684375 0.793750 0.685937 0.795833 0.685937 0.802083 0.681250 0.808333 0.679688 0.808333 0.678125 0.806250 0.676562 0.806250 0.678125 0.806250 0.681250 0.810417 0.682813 0.808333 0.684375 0.808333 0.685937 0.810417 0.685937 0.818750 0.684375 0.820833 0.682813 0.820833 0.681250 0.822917 0.679688 0.820833 0.675000 0.820833 0.671875 0.825000 0.673438 0.827083 0.673438 0.825000 0.675000 0.822917 0.678125 0.822917 0.679688 0.825000 0.679688 0.827083 0.678125 0.829167 0.676562 0.829167 0.679688 0.829167 0.681250 0.831250 0.681250 0.833333 0.681250 0.831250 0.679688 0.829167 0.684375 0.822917 0.685937 0.822917 0.687500 0.825000 0.687500 0.833333 0.690625 0.837500 0.687500 0.841667 0.687500 0.850000 0.685937 0.852083 0.687500 0.854167 0.687500 0.872917 0.690625 0.872917 0.692187 0.870833 0.696875 0.877083 0.695312 0.879167 0.696875 0.881250 0.698438 0.881250 0.700000 0.883333 0.701562 0.883333 0.703125 0.885417 0.703125 0.897917 0.704688 0.900000 0.703125 0.902083 0.703125 0.912500 0.704688 0.914583 0.703125 0.916667 0.703125 0.920833 0.701562 0.922917 0.701562 0.925000 0.703125 0.927083 0.704688 0.927083 0.707812 0.931250 0.709375 0.931250 0.710938 0.933333 0.710938 0.935417 0.712500 0.935417 0.715625 0.931250 0.717187 0.931250 0.718750 0.933333 0.718750 0.935417 0.720313 0.937500 0.720313 0.943750 0.721875 0.945833 0.718750 0.950000 0.720313 0.952083 0.720313 0.950000 0.721875 0.947917 0.723437 0.947917 0.725000 0.945833 0.723437 0.945833 0.720313 0.941667 0.720313 0.939583 0.721875 0.937500 0.721875 0.935417 0.723437 0.933333 0.725000 0.933333 0.726562 0.935417 0.729688 0.935417 0.729688 0.933333 0.731250 0.931250 0.731250 0.929167 0.726562 0.922917 0.723437 0.922917 0.720313 0.918750 0.721875 0.916667 0.723437 0.916667 0.728125 0.910417 0.726562 0.908333 0.726562 0.906250 0.728125 0.904167 0.728125 0.902083 0.726562 0.900000 0.726562 0.895833 0.725000 0.893750 0.725000 0.891667 0.723437 0.891667 0.718750 0.885417 0.718750 0.883333 0.720313 0.881250 0.721875 0.883333 0.725000 0.883333 0.721875 0.879167 0.721875 0.877083 0.720313 0.875000 0.720313 0.872917 0.718750 0.870833 0.718750 0.866667 0.720313 0.864583 0.720313 0.862500 0.718750 0.860417 0.718750 0.856250 0.717187 0.854167 0.717187 0.852083 0.720313 0.847917 0.720313 0.845833 0.715625 0.845833 0.714063 0.843750 0.706250 0.843750 0.704688 0.841667 0.703125 0.843750 0.698438 0.843750 0.696875 0.841667 0.695312 0.841667 0.693750 0.843750 0.690625 0.843750 0.689063 0.841667 0.689063 0.839583 0.690625 0.837500 0.693750 0.837500 0.693750 0.835417 0.692187 0.835417 0.690625 0.833333 0.690625 0.831250 0.692187 0.829167 0.693750 0.829167 0.692187 0.829167 0.689063 0.825000 0.690625 0.822917 0.693750 0.822917 0.695312 0.825000 0.696875 0.825000 0.695312 0.825000 0.693750 0.822917 0.693750 0.820833 0.695312 0.818750 0.698438 0.818750 0.700000 0.820833 0.701562 0.820833 0.703125 0.818750 0.704688 0.818750 0.706250 0.820833 0.709375 0.820833 0.709375 0.804167 0.706250 0.800000 0.706250 0.795833 0.704688 0.793750 0.704688 0.791667 0.703125 0.789583 0.701562 0.789583 0.700000 0.787500 0.695312 0.787500 0.693750 0.785417 0.696875 0.781250 0.695312 0.779167 0.693750 0.781250 0.692187 0.781250 0.690625 0.779167 0.693750 0.775000 0.692187 0.772917 
person_87 0.689063 0.760417 0.687500 0.762500 0.689063 0.762500 
person_87 0.673438 0.758333 0.673438 0.762500 0.675000 0.762500 0.676562 0.760417 0.678125 0.760417 0.678125 0.758333 
person_87 0.231250 0.758333 0.231250 0.760417 0.229687 0.762500 0.226562 0.762500 0.229687 0.762500 0.232813 0.758333 
person_87 0.223438 0.758333 0.223438 0.760417 0.225000 0.758333 
person_87 0.231250 0.743750 0.229687 0.745833 0.228125 0.745833 0.228125 0.747917 0.229687 0.745833 0.231250 0.745833 0.232813 0.743750 
person_87 0.223438 0.741667 0.223438 0.743750 0.225000 0.743750 
person_87 0.675000 0.712500 0.673438 0.714583 0.673438 0.716667 0.673438 0.714583 0.675000 0.712500 0.676562 0.712500 
person_87 0.145313 0.710417 0.145313 0.712500 0.148438 0.716667 0.151562 0.716667 0.151562 0.714583 0.153125 0.712500 0.151562 0.714583 0.148438 0.714583 
person_87 0.689063 0.625000 0.689063 0.654167 0.692187 0.650000 0.693750 0.650000 0.693750 0.647917 0.692187 0.645833 0.692187 0.641667 0.690625 0.639583 0.690625 0.637500 0.693750 0.633333 0.690625 0.629167 0.690625 0.627083 
person_87 0.657813 0.612500 0.657813 0.614583 0.659375 0.616667 0.659375 0.618750 0.657813 0.620833 0.656250 0.620833 0.654687 0.618750 0.654687 0.616667 0.651563 0.616667 0.650000 0.618750 0.645312 0.618750 0.646875 0.618750 0.648438 0.620833 0.648438 0.622917 0.650000 0.622917 0.653125 0.618750 0.654687 0.618750 0.656250 0.620833 0.656250 0.622917 0.657813 0.622917 0.657813 0.620833 0.659375 0.618750 0.660937 0.618750 0.660937 0.616667 0.659375 0.616667 0.657813 0.614583 
person_87 0.640625 0.610417 0.642188 0.612500 0.643750 0.610417 
person_87 0.689063 0.606250 0.689063 0.614583 0.689063 0.612500 0.690625 0.610417 0.689063 0.608333 
person_87 0.687500 0.593750 0.687500 0.600000 0.689063 0.600000 0.690625 0.602083 0.692187 0.602083 0.690625 0.600000 0.690625 0.597917 0.692187 0.595833 0.690625 0.593750 
person_87 0.673438 0.589583 0.673438 0.593750 0.671875 0.595833 0.671875 0.597917 0.675000 0.602083 0.673438 0.604167 0.673438 0.608333 0.676562 0.604167 0.678125 0.604167 0.679688 0.606250 0.681250 0.606250 0.679688 0.606250 0.678125 0.604167 0.678125 0.600000 0.676562 0.597917 0.678125 0.595833 0.676562 0.593750 0.675000 0.593750 0.673438 0.591667 
person_87 0.687500 0.581250 0.687500 0.583333 0.690625 0.583333 0.690625 0.581250 
person_87 0.673438 0.579167 0.673438 0.583333 0.676562 0.587500 0.676562 0.585417 0.675000 0.583333 0.675000 0.581250 0.676562 0.579167 
person_87 0.656250 0.579167 0.656250 0.585417 0.654687 0.587500 0.653125 0.587500 0.654687 0.587500 0.657813 0.591667 0.657813 0.600000 0.659375 0.602083 0.656250 0.606250 0.656250 0.608333 0.657813 0.608333 0.662500 0.602083 0.660937 0.602083 0.657813 0.597917 0.659375 0.595833 0.657813 0.593750 0.657813 0.589583 0.659375 0.587500 0.660937 0.587500 0.660937 0.585417 0.659375 0.583333 0.659375 0.579167 
person_87 0.689063 0.531250 0.687500 0.533333 0.687500 0.537500 0.685937 0.539583 0.685937 0.541667 0.687500 0.543750 0.687500 0.552083 0.684375 0.556250 0.687500 0.560417 0.690625 0.560417 0.693750 0.556250 0.693750 0.554167 0.692187 0.554167 0.690625 0.552083 0.690625 0.550000 0.692187 0.547917 0.690625 0.545833 0.690625 0.541667 0.692187 0.539583 0.690625 0.537500 0.690625 0.535417 0.692187 0.533333 0.690625 0.531250 
person_87 0.657813 0.527083 0.657813 0.531250 0.656250 0.533333 0.656250 0.537500 0.654687 0.539583 0.653125 0.539583 0.656250 0.543750 0.656250 0.552083 0.653125 0.556250 0.654687 0.556250 0.656250 0.558333 0.656250 0.566667 0.657813 0.568750 0.660937 0.564583 0.659375 0.562500 0.659375 0.558333 0.660937 0.556250 0.662500 0.556250 0.662500 0.547917 0.659375 0.543750 0.660937 0.541667 0.662500 0.541667 0.662500 0.537500 0.664062 0.535417 0.665625 0.535417 0.664062 0.535417 0.660937 0.531250 0.659375 0.531250 0.657813 0.529167 
person_87 0.621875 0.522917 0.620313 0.525000 0.623437 0.525000 
person_87 0.689063 0.514583 0.689063 0.516667 0.687500 0.518750 0.687500 0.520833 0.690625 0.520833 0.690625 0.518750 0.692187 0.516667 0.690625 0.516667 
person_87 0.673438 0.512500 0.671875 0.514583 0.671875 0.520833 0.675000 0.525000 0.671875 0.529167 0.671875 0.531250 0.670312 0.533333 0.671875 0.535417 0.671875 0.537500 0.670312 0.539583 0.671875 0.541667 0.671875 0.560417 0.673438 0.562500 0.676562 0.558333 0.681250 0.558333 0.679688 0.558333 0.678125 0.556250 0.678125 0.554167 0.679688 0.552083 0.678125 0.550000 0.678125 0.547917 0.676562 0.547917 0.673438 0.543750 0.675000 0.541667 0.676562 0.541667 0.679688 0.537500 0.681250 0.537500 0.681250 0.529167 0.679688 0.529167 0.678125 0.531250 0.676562 0.531250 0.673438 0.527083 0.675000 0.525000 0.678125 0.525000 0.678125 0.522917 0.679688 0.520833 0.679688 0.518750 0.678125 0.516667 0.679688 0.514583 0.681250 0.514583 0.681250 0.512500 0.679688 0.512500 0.679688 0.514583 0.678125 0.516667 0.676562 0.516667 
person_87 0.620313 0.508333 0.620313 0.510417 0.618750 0.512500 0.620313 0.510417 0.623437 0.510417 0.623437 0.508333 
person_87 0.673438 0.500000 0.671875 0.502083 0.671875 0.504167 0.675000 0.508333 0.678125 0.508333 0.675000 0.504167 0.676562 0.502083 0.678125 0.502083 0.679688 0.504167 0.681250 0.504167 0.679688 0.504167 0.678125 0.502083 0.675000 0.502083 
person_87 0.618750 0.487500 0.617188 0.489583 0.620313 0.493750 0.618750 0.495833 0.617188 0.495833 0.618750 0.497917 0.620313 0.495833 0.621875 0.495833 0.623437 0.493750 0.623437 0.491667 0.621875 0.491667 
person_87 0.637500 0.477083 0.637500 0.479167 0.639062 0.479167 0.640625 0.481250 0.640625 0.483333 0.639062 0.485417 0.640625 0.487500 0.640625 0.489583 0.637500 0.493750 0.639062 0.493750 0.640625 0.495833 0.640625 0.537500 0.642188 0.539583 0.642188 0.552083 0.645312 0.556250 0.646875 0.556250 0.646875 0.554167 0.643750 0.554167 0.642188 0.552083 0.645312 0.547917 0.642188 0.543750 0.643750 0.541667 0.646875 0.541667 0.648438 0.543750 0.650000 0.543750 0.646875 0.539583 0.646875 0.537500 0.645312 0.537500 0.643750 0.535417 0.645312 0.533333 0.645312 0.531250 0.643750 0.531250 0.642188 0.529167 0.642188 0.527083 0.643750 0.525000 0.645312 0.525000 0.645312 0.522917 0.643750 0.520833 0.643750 0.512500 0.646875 0.508333 0.643750 0.504167 0.645312 0.502083 0.645312 0.500000 0.643750 0.497917 0.643750 0.495833 0.645312 0.493750 0.646875 0.493750 0.646875 0.491667 0.645312 0.491667 0.643750 0.489583 0.645312 0.487500 0.645312 0.485417 0.643750 0.485417 0.642188 0.483333 0.642188 0.481250 0.640625 0.481250 0.639062 0.479167 0.639062 0.477083 
person_87 0.621875 0.477083 0.621875 0.479167 0.620313 0.481250 0.618750 0.481250 0.618750 0.483333 0.623437 0.477083 
person_87 0.681250 0.464583 0.679688 0.466667 0.681250 0.466667 
person_87 0.617188 0.464583 0.617188 0.466667 0.618750 0.466667 0.618750 0.464583 
person_87 0.689063 0.435417 0.687500 0.437500 0.687500 0.443750 0.685937 0.445833 0.685937 0.447917 0.687500 0.450000 0.687500 0.458333 0.685937 0.460417 0.685937 0.466667 0.687500 0.468750 0.687500 0.475000 0.685937 0.477083 0.687500 0.479167 0.687500 0.483333 0.689063 0.483333 0.690625 0.485417 0.689063 0.487500 0.687500 0.487500 0.687500 0.491667 0.689063 0.493750 0.687500 0.495833 0.687500 0.497917 0.689063 0.500000 0.689063 0.502083 0.687500 0.504167 0.689063 0.506250 0.689063 0.502083 0.690625 0.500000 0.690625 0.495833 0.692187 0.493750 0.693750 0.493750 0.693750 0.491667 0.695312 0.489583 0.696875 0.489583 0.695312 0.487500 0.695312 0.485417 0.698438 0.481250 0.698438 0.477083 0.696875 0.475000 0.696875 0.464583 0.695312 0.462500 0.695312 0.447917 0.693750 0.445833 0.693750 0.437500 0.690625 0.437500 
person_87 0.696875 0.041667 0.696875 0.043750 0.695312 0.045833 0.695312 0.050000 0.696875 0.050000 
person_87 0.598437 0.039583 0.598437 0.041667 0.600000 0.039583 
person_87 0.696875 0.031250 0.695312 0.033333 0.696875 0.035417 0.696875 0.037500 
person_87 0.525000 0.014583 0.525000 0.016667 0.523438 0.018750 0.523438 0.022917 0.525000 0.025000 0.525000 0.029167 0.528125 0.029167 0.528125 0.018750 0.529687 0.016667 0.528125 0.014583 
person_87 0.526563 0.008333 0.528125 0.010417 0.529687 0.008333 
person_87 0.495312 0.008333 0.495312 0.010417 0.493750 0.012500 0.495312 0.010417 0.498437 0.010417 0.500000 0.008333 
person_87 0.696875 0.006250 0.695312 0.008333 0.695312 0.012500 0.696875 0.014583 0.698438 0.012500 0.701562 0.012500 0.701562 0.010417 0.698438 0.006250 
person_87 0.046875 0.000000 0.043750 0.004167 0.037500 0.004167 0.035937 0.006250 0.028125 0.006250 0.026562 0.004167 0.021875 0.004167 0.020313 0.002083 0.006250 0.002083 0.001563 0.008333 0.001563 0.010417 0.000000 0.012500 0.003125 0.016667 0.003125 0.018750 0.000000 0.022917 0.000000 0.029167 0.003125 0.033333 0.003125 0.035417 0.000000 0.039583 0.000000 0.045833 0.004687 0.045833 0.006250 0.047917 0.006250 0.052083 0.004687 0.054167 0.003125 0.054167 0.000000 0.058333 0.000000 0.060417 0.001563 0.060417 0.003125 0.062500 0.003125 0.068750 0.001563 0.070833 0.000000 0.070833 0.000000 0.077083 0.001563 0.077083 0.003125 0.079167 0.003125 0.085417 0.001563 0.087500 0.000000 0.087500 0.000000 0.091667 0.001563 0.091667 0.003125 0.093750 0.003125 0.097917 0.000000 0.102083 0.000000 0.108333 0.001563 0.108333 0.003125 0.110417 0.003125 0.114583 0.001563 0.116667 0.000000 0.116667 0.000000 0.125000 0.001563 0.125000 0.003125 0.127083 0.003125 0.129167 0.001563 0.131250 0.000000 0.131250 0.000000 0.139583 0.001563 0.139583 0.004687 0.143750 0.004687 0.145833 0.001563 0.150000 0.000000 0.150000 0.000000 0.154167 0.003125 0.158333 0.003125 0.162500 0.001563 0.164583 0.000000 0.164583 0.000000 0.170833 0.001563 0.170833 0.003125 0.172917 0.003125 0.179167 0.001563 0.181250 0.000000 0.181250 0.000000 0.189583 0.001563 0.189583 0.003125 0.191667 0.003125 0.193750 0.001563 0.195833 0.000000 0.195833 0.000000 0.204167 0.001563 0.204167 0.003125 0.206250 0.003125 0.210417 0.001563 0.212500 0.000000 0.212500 0.001563 0.214583 0.000000 0.216667 0.000000 0.220833 0.001563 0.222917 0.000000 0.225000 0.000000 0.235417 0.003125 0.239583 0.003125 0.241667 0.001563 0.243750 0.000000 0.243750 0.001563 0.243750 0.003125 0.245833 0.000000 0.250000 0.000000 0.252083 0.001563 0.254167 0.000000 0.256250 0.000000 0.268750 0.001563 0.268750 0.003125 0.270833 0.001563 0.272917 0.000000 0.272917 0.000000 0.275000 0.001563 0.277083 0.000000 0.279167 0.000000 0.475000 0.001563 0.475000 0.003125 0.477083 0.000000 0.481250 0.000000 0.706250 0.001563 0.706250 0.003125 0.708333 0.003125 0.712500 0.004687 0.714583 0.004687 0.716667 0.003125 0.718750 0.001563 0.718750 0.000000 0.720833 0.000000 0.725000 0.001563 0.725000 0.003125 0.727083 0.001563 0.729167 0.000000 0.729167 0.000000 0.741667 0.001563 0.743750 0.000000 0.745833 0.000000 0.787500 0.001563 0.789583 0.000000 0.791667 0.000000 0.795833 0.003125 0.795833 0.006250 0.800000 0.006250 0.802083 0.004687 0.804167 0.003125 0.804167 0.003125 0.808333 0.004687 0.808333 0.006250 0.810417 0.004687 0.812500 0.004687 0.814583 0.006250 0.814583 0.007812 0.816667 0.006250 0.818750 0.004687 0.818750 0.003125 0.820833 0.003125 0.822917 0.001563 0.825000 0.000000 0.825000 0.003125 0.825000 0.004687 0.822917 0.006250 0.825000 0.006250 0.827083 0.004687 0.829167 0.006250 0.829167 0.007812 0.827083 0.009375 0.827083 0.010937 0.829167 0.009375 0.831250 0.009375 0.833333 0.007812 0.835417 0.004687 0.835417 0.004687 0.837500 0.007812 0.841667 0.007812 0.847917 0.004687 0.852083 0.003125 0.852083 0.003125 0.854167 0.001563 0.856250 0.000000 0.856250 0.000000 0.858333 0.001563 0.858333 0.003125 0.860417 0.003125 0.862500 0.004687 0.862500 0.006250 0.864583 0.004687 0.866667 0.003125 0.866667 0.003125 0.868750 0.001563 0.870833 0.000000 0.870833 0.000000 0.872917 0.003125 0.877083 0.004687 0.877083 0.006250 0.879167 0.003125 0.883333 0.004687 0.885417 0.006250 0.885417 0.007812 0.887500 0.012500 0.887500 0.014063 0.885417 0.014063 0.877083 0.017188 0.872917 0.020313 0.877083 0.023438 0.877083 0.025000 0.875000 0.026562 0.877083 0.028125 0.877083 0.031250 0.872917 0.031250 0.866667 0.032813 0.864583 0.039062 0.872917 0.039062 0.875000 0.043750 0.875000 0.045312 0.872917 0.046875 0.872917 0.046875 0.868750 0.048438 0.866667 0.050000 0.868750 0.050000 0.870833 0.053125 0.870833 0.056250 0.875000 0.057813 0.872917 0.060937 0.872917 0.062500 0.870833 0.060937 0.868750 0.060937 0.866667 0.062500 0.864583 0.064062 0.864583 0.065625 0.862500 0.068750 0.862500 0.068750 0.860417 0.070312 0.858333 0.075000 0.858333 0.078125 0.862500 0.078125 0.864583 0.076563 0.866667 0.075000 0.866667 0.071875 0.870833 0.070312 0.870833 0.068750 0.868750 0.068750 0.866667 0.067187 0.866667 0.067187 0.868750 0.068750 0.868750 0.070312 0.870833 0.070312 0.872917 0.073438 0.872917 0.075000 0.870833 0.076563 0.870833 0.078125 0.872917 0.079687 0.872917 0.081250 0.870833 0.084375 0.870833 0.085938 0.872917 0.090625 0.872917 0.092188 0.870833 0.092188 0.866667 0.090625 0.864583 0.092188 0.862500 0.092188 0.860417 0.093750 0.858333 0.096875 0.858333 0.098437 0.856250 0.101562 0.856250 0.103125 0.858333 0.106250 0.858333 0.107813 0.856250 0.110937 0.856250 0.112500 0.854167 0.115625 0.854167 0.117188 0.856250 0.118750 0.856250 0.117188 0.856250 0.115625 0.854167 0.115625 0.852083 0.112500 0.852083 0.112500 0.854167 0.110937 0.856250 0.109375 0.854167 0.109375 0.850000 0.104688 0.850000 0.101562 0.845833 0.101562 0.843750 0.103125 0.841667 0.104688 0.843750 0.106250 0.843750 0.107813 0.841667 0.110937 0.841667 0.114062 0.837500 0.115625 0.837500 0.118750 0.841667 0.118750 0.839583 0.117188 0.839583 0.115625 0.837500 0.115625 0.835417 0.112500 0.835417 0.110937 0.833333 0.112500 0.835417 0.112500 0.837500 0.110937 0.839583 0.109375 0.839583 0.107813 0.837500 0.107813 0.835417 0.106250 0.835417 0.103125 0.839583 0.100000 0.835417 0.098437 0.835417 0.096875 0.833333 0.101562 0.827083 0.103125 0.827083 0.104688 0.825000 0.109375 0.825000 0.110937 0.827083 0.114062 0.822917 0.115625 0.825000 0.120313 0.825000 0.121875 0.822917 0.123438 0.822917 0.125000 0.825000 0.125000 0.827083 0.126562 0.827083 0.128125 0.829167 0.126562 0.831250 0.126562 0.833333 0.128125 0.835417 0.128125 0.837500 0.126562 0.839583 0.128125 0.837500 0.131250 0.837500 0.131250 0.835417 0.129688 0.835417 0.128125 0.833333 0.128125 0.831250 0.132812 0.825000 0.143750 0.825000 0.145313 0.822917 0.146875 0.822917 0.148438 0.825000 0.151562 0.825000 0.153125 0.822917 0.154688 0.822917 0.159375 0.829167 0.157812 0.831250 0.157812 0.833333 0.159375 0.835417 0.159375 0.837500 0.157812 0.839583 0.156250 0.839583 0.154688 0.837500 0.153125 0.837500 0.154688 0.837500 0.156250 0.839583 0.156250 0.841667 0.157812 0.841667 0.160938 0.845833 0.160938 0.843750 0.162500 0.841667 0.167187 0.841667 0.170313 0.837500 0.168750 0.835417 0.165625 0.839583 0.164062 0.839583 0.162500 0.837500 0.162500 0.835417 0.164062 0.833333 0.165625 0.833333 0.164062 0.833333 0.162500 0.831250 0.162500 0.829167 0.164062 0.827083 0.165625 0.827083 0.168750 0.822917 0.168750 0.820833 0.165625 0.825000 0.162500 0.820833 0.162500 0.818750 0.160938 0.816667 0.160938 0.812500 0.157812 0.816667 0.157812 0.818750 0.159375 0.820833 0.159375 0.822917 0.157812 0.825000 0.156250 0.825000 0.154688 0.822917 0.154688 0.820833 0.153125 0.820833 0.153125 0.822917 0.151562 0.825000 0.150000 0.825000 0.145313 0.818750 0.143750 0.818750 0.142187 0.816667 0.142187 0.818750 0.143750 0.820833 0.143750 0.822917 0.142187 0.825000 0.139063 0.820833 0.137500 0.820833 0.134375 0.825000 0.131250 0.820833 0.131250 0.818750 0.129688 0.816667 0.134375 0.810417 0.142187 0.810417 0.143750 0.808333 0.146875 0.808333 0.148438 0.810417 0.151562 0.810417 0.151562 0.808333 0.153125 0.806250 0.154688 0.806250 0.153125 0.804167 0.150000 0.808333 0.148438 0.806250 0.148438 0.804167 0.150000 0.802083 0.148438 0.802083 0.146875 0.804167 0.143750 0.804167 0.143750 0.806250 0.142187 0.808333 0.139063 0.804167 0.137500 0.804167 0.132812 0.797917 0.134375 0.795833 0.142187 0.795833 0.145313 0.791667 0.148438 0.795833 0.150000 0.795833 0.153125 0.791667 0.154688 0.791667 0.154688 0.789583 0.151562 0.789583 0.150000 0.787500 0.150000 0.785417 0.148438 0.783333 0.154688 0.775000 0.153125 0.772917 0.151562 0.772917 0.150000 0.770833 0.150000 0.768750 0.148438 0.766667 0.153125 0.760417 0.153125 0.758333 0.150000 0.762500 0.146875 0.758333 0.146875 0.756250 0.145313 0.756250 0.143750 0.754167 0.145313 0.752083 0.145313 0.750000 0.143750 0.747917 0.145313 0.745833 0.146875 0.745833 0.148438 0.747917 0.151562 0.747917 0.154688 0.743750 0.153125 0.741667 0.150000 0.745833 0.148438 0.745833 0.146875 0.743750 0.146875 0.741667 0.145313 0.739583 0.145313 0.737500 0.148438 0.733333 0.150000 0.733333 0.153125 0.729167 0.154688 0.729167 0.154688 0.727083 0.153125 0.727083 0.150000 0.731250 0.146875 0.727083 0.146875 0.725000 0.145313 0.725000 0.143750 0.722917 0.142187 0.722917 0.139063 0.718750 0.140625 0.716667 0.139063 0.714583 0.139063 0.710417 0.135937 0.710417 0.134375 0.708333 0.137500 0.704167 0.139063 0.704167 0.140625 0.702083 0.150000 0.702083 0.153125 0.697917 0.157812 0.704167 0.162500 0.704167 0.164062 0.706250 0.164062 0.708333 0.165625 0.708333 0.170313 0.702083 0.184375 0.702083 0.185938 0.704167 0.187500 0.704167 0.189062 0.706250 0.190625 0.706250 0.192188 0.708333 0.192188 0.712500 0.192188 0.708333 0.195312 0.704167 0.196875 0.704167 0.198437 0.706250 0.200000 0.706250 0.201563 0.708333 0.196875 0.714583 0.195312 0.714583 0.192188 0.718750 0.173437 0.718750 0.171875 0.720833 0.171875 0.725000 0.170313 0.727083 0.167187 0.727083 0.164062 0.731250 0.165625 0.733333 0.167187 0.733333 0.168750 0.731250 0.171875 0.735417 0.171875 0.739583 0.170313 0.741667 0.167187 0.741667 0.167187 0.743750 0.165625 0.745833 0.164062 0.745833 0.165625 0.747917 0.167187 0.747917 0.168750 0.745833 0.171875 0.750000 0.171875 0.756250 0.170313 0.758333 0.168750 0.758333 0.168750 0.760417 0.171875 0.764583 0.181250 0.764583 0.182812 0.766667 0.181250 0.768750 0.179688 0.768750 0.176563 0.772917 0.176563 0.775000 0.179688 0.779167 0.185938 0.779167 0.187500 0.781250 0.187500 0.785417 0.184375 0.789583 0.182812 0.789583 0.179688 0.793750 0.181250 0.795833 0.184375 0.791667 0.187500 0.795833 0.187500 0.802083 0.185938 0.804167 0.182812 0.804167 0.181250 0.802083 0.182812 0.804167 0.182812 0.806250 0.179688 0.810417 0.181250 0.812500 0.181250 0.814583 0.179688 0.816667 0.179688 0.818750 0.181250 0.818750 0.182812 0.820833 0.181250 0.822917 0.179688 0.822917 0.179688 0.827083 0.181250 0.827083 0.182812 0.829167 0.181250 0.831250 0.179688 0.831250 0.179688 0.833333 0.182812 0.837500 0.181250 0.839583 0.179688 0.839583 0.179688 0.841667 0.181250 0.843750 0.182812 0.843750 0.184375 0.845833 0.182812 0.847917 0.181250 0.847917 0.184375 0.852083 0.181250 0.856250 0.181250 0.858333 0.182812 0.858333 0.184375 0.860417 0.189062 0.860417 0.190625 0.862500 0.192188 0.862500 0.193750 0.864583 0.192188 0.866667 0.190625 0.866667 0.190625 0.868750 0.189062 0.870833 0.187500 0.870833 0.185938 0.868750 0.185938 0.866667 0.184375 0.866667 0.184375 0.868750 0.185938 0.868750 0.189062 0.872917 0.190625 0.870833 0.192188 0.870833 0.193750 0.872917 0.192188 0.875000 0.193750 0.872917 0.198437 0.872917 0.200000 0.870833 0.201563 0.872917 0.201563 0.875000 0.203125 0.875000 0.204687 0.877083 0.204687 0.881250 0.203125 0.883333 0.200000 0.883333 0.196875 0.887500 0.195312 0.887500 0.193750 0.885417 0.193750 0.883333 0.192188 0.883333 0.192188 0.885417 0.193750 0.885417 0.195312 0.887500 0.195312 0.889583 0.193750 0.891667 0.192188 0.891667 0.193750 0.891667 0.195312 0.889583 0.198437 0.889583 0.203125 0.895833 0.201563 0.897917 0.198437 0.897917 0.196875 0.895833 0.195312 0.895833 0.193750 0.897917 0.192188 0.897917 0.192188 0.900000 0.193750 0.900000 0.195312 0.902083 0.195312 0.904167 0.198437 0.904167 0.200000 0.906250 0.204687 0.906250 0.206250 0.908333 0.204687 0.910417 0.206250 0.912500 0.206250 0.916667 0.204687 0.918750 0.203125 0.918750 0.201563 0.916667 0.201563 0.914583 0.200000 0.914583 0.200000 0.916667 0.201563 0.916667 0.203125 0.918750 0.203125 0.920833 0.201563 0.922917 0.198437 0.922917 0.196875 0.920833 0.196875 0.918750 0.196875 0.920833 0.198437 0.922917 0.201563 0.922917 0.203125 0.920833 0.204687 0.920833 0.206250 0.922917 0.207813 0.922917 0.204687 0.918750 0.206250 0.916667 0.209375 0.916667 0.210938 0.918750 0.214062 0.918750 0.215625 0.916667 0.217188 0.916667 0.217188 0.914583 0.214062 0.914583 0.212500 0.916667 0.210938 0.916667 0.209375 0.914583 0.209375 0.912500 0.206250 0.912500 0.204687 0.910417 0.206250 0.908333 0.207813 0.908333 0.210938 0.904167 0.214062 0.904167 0.215625 0.906250 0.215625 0.904167 0.217188 0.902083 0.217188 0.897917 0.215625 0.897917 0.214062 0.895833 0.217188 0.891667 0.217188 0.889583 0.215625 0.887500 0.217188 0.885417 0.217188 0.883333 0.215625 0.881250 0.214062 0.881250 0.212500 0.879167 0.210938 0.879167 0.209375 0.877083 0.210938 0.875000 0.217188 0.875000 0.220312 0.870833 0.225000 0.870833 0.226562 0.872917 0.228125 0.872917 0.228125 0.870833 0.226562 0.870833 0.225000 0.868750 0.225000 0.866667 0.221875 0.866667 0.221875 0.868750 0.220312 0.870833 0.218750 0.868750 0.218750 0.860417 0.220312 0.858333 0.221875 0.860417 0.225000 0.860417 0.225000 0.858333 0.226562 0.856250 0.229687 0.856250 0.231250 0.854167 0.232813 0.854167 0.234375 0.856250 0.234375 0.858333 0.235937 0.860417 0.235937 0.862500 0.231250 0.868750 0.232813 0.868750 0.234375 0.870833 0.234375 0.872917 0.237500 0.877083 0.240625 0.877083 0.242188 0.879167 0.240625 0.881250 0.237500 0.881250 0.237500 0.885417 0.235937 0.887500 0.237500 0.885417 0.240625 0.885417 0.242188 0.887500 0.245312 0.887500 0.246875 0.885417 0.248438 0.885417 0.248438 0.883333 0.245312 0.883333 0.245312 0.885417 0.243750 0.887500 0.240625 0.883333 0.240625 0.881250 0.242188 0.879167 0.240625 0.877083 0.240625 0.875000 0.242188 0.872917 0.245312 0.872917 0.246875 0.870833 0.250000 0.870833 0.248438 0.868750 0.248438 0.866667 0.245312 0.866667 0.240625 0.860417 0.242188 0.858333 0.245312 0.858333 0.245312 0.856250 0.246875 0.854167 0.248438 0.854167 0.248438 0.852083 0.245312 0.852083 0.245312 0.854167 0.243750 0.856250 0.240625 0.852083 0.243750 0.847917 0.242188 0.847917 0.240625 0.845833 0.240625 0.843750 0.242188 0.841667 0.243750 0.841667 0.243750 0.839583 0.242188 0.839583 0.240625 0.837500 0.240625 0.835417 0.239063 0.833333 0.239063 0.831250 0.240625 0.829167 0.235937 0.829167 0.235937 0.833333 0.237500 0.835417 0.237500 0.837500 0.235937 0.839583 0.235937 0.841667 0.234375 0.843750 0.234375 0.850000 0.232813 0.852083 0.231250 0.852083 0.231250 0.854167 0.229687 0.856250 0.226562 0.856250 0.225000 0.854167 0.225000 0.850000 0.223438 0.850000 0.221875 0.852083 0.221875 0.854167 0.220312 0.856250 0.218750 0.854167 0.218750 0.837500 0.217188 0.835417 0.217188 0.829167 0.218750 0.827083 0.218750 0.822917 0.217188 0.820833 0.217188 0.772917 0.215625 0.770833 0.215625 0.768750 0.217188 0.766667 0.217188 0.764583 0.218750 0.762500 0.218750 0.758333 0.217188 0.756250 0.217188 0.741667 0.214062 0.741667 0.212500 0.743750 0.210938 0.741667 0.210938 0.739583 0.209375 0.737500 0.209375 0.735417 0.210938 0.733333 0.217188 0.733333 0.218750 0.731250 0.218750 0.729167 0.217188 0.727083 0.217188 0.722917 0.215625 0.720833 0.215625 0.718750 0.218750 0.714583 0.218750 0.710417 0.220312 0.708333 0.221875 0.710417 0.221875 0.716667 0.232813 0.716667 0.234375 0.718750 0.234375 0.720833 0.235937 0.722917 0.235937 0.725000 0.237500 0.727083 0.237500 0.729167 0.235937 0.731250 0.234375 0.731250 0.232813 0.729167 0.232813 0.727083 0.231250 0.727083 0.231250 0.729167 0.229687 0.731250 0.226562 0.731250 0.229687 0.731250 0.231250 0.729167 0.232813 0.729167 0.235937 0.733333 0.235937 0.737500 0.239063 0.741667 0.239063 0.743750 0.240625 0.743750 0.242188 0.745833 0.242188 0.747917 0.246875 0.747917 0.248438 0.745833 0.248438 0.741667 0.250000 0.739583 0.251563 0.739583 0.256250 0.745833 0.256250 0.747917 0.254688 0.750000 0.251563 0.750000 0.251563 0.754167 0.253125 0.756250 0.253125 0.758333 0.251563 0.760417 0.250000 0.760417 0.248438 0.758333 0.246875 0.758333 0.250000 0.762500 0.250000 0.764583 0.251563 0.766667 0.251563 0.768750 0.253125 0.770833 0.253125 0.783333 0.256250 0.783333 0.259375 0.779167 0.260937 0.781250 0.264062 0.781250 0.265625 0.779167 0.271875 0.779167 0.273438 0.781250 0.278125 0.781250 0.281250 0.785417 0.279687 0.787500 0.275000 0.787500 0.273438 0.789583 0.270313 0.789583 0.270313 0.791667 0.271875 0.793750 0.271875 0.795833 0.273438 0.797917 0.273438 0.802083 0.271875 0.804167 0.270313 0.804167 0.270313 0.806250 0.271875 0.808333 0.271875 0.810417 0.270313 0.812500 0.268750 0.812500 0.267188 0.814583 0.265625 0.814583 0.262500 0.810417 0.262500 0.808333 0.264062 0.806250 0.262500 0.804167 0.259375 0.808333 0.257812 0.808333 0.256250 0.806250 0.256250 0.804167 0.254688 0.804167 0.254688 0.806250 0.257812 0.810417 0.259375 0.810417 0.260937 0.812500 0.262500 0.812500 0.264062 0.814583 0.267188 0.814583 0.270313 0.818750 0.270313 0.822917 0.271875 0.822917 0.273438 0.825000 0.271875 0.827083 0.265625 0.827083 0.264062 0.825000 0.264062 0.818750 0.260937 0.818750 0.260937 0.820833 0.259375 0.822917 0.257812 0.822917 0.256250 0.820833 0.254688 0.820833 0.254688 0.822917 0.256250 0.822917 0.259375 0.827083 0.264062 0.827083 0.267188 0.831250 0.267188 0.833333 0.268750 0.835417 0.268750 0.837500 0.271875 0.841667 0.270313 0.843750 0.270313 0.845833 0.271875 0.845833 0.273438 0.843750 0.278125 0.843750 0.281250 0.847917 0.279687 0.850000 0.278125 0.850000 0.276562 0.852083 0.276562 0.854167 0.275000 0.856250 0.273438 0.856250 0.275000 0.858333 0.278125 0.858333 0.281250 0.862500 0.281250 0.864583 0.278125 0.868750 0.279687 0.868750 0.282813 0.872917 0.282813 0.877083 0.284375 0.877083 0.285938 0.879167 0.285938 0.881250 0.284375 0.883333 0.287500 0.887500 0.285938 0.889583 0.284375 0.889583 0.282813 0.887500 0.282813 0.889583 0.284375 0.891667 0.287500 0.891667 0.289062 0.889583 0.292187 0.889583 0.296875 0.895833 0.295312 0.897917 0.293750 0.897917 0.290625 0.902083 0.289062 0.902083 0.287500 0.900000 0.287500 0.897917 0.285938 0.897917 0.284375 0.900000 0.285938 0.900000 0.289062 0.904167 0.287500 0.906250 0.285938 0.906250 0.285938 0.908333 0.289062 0.904167 0.292187 0.904167 0.296875 0.910417 0.293750 0.914583 0.292187 0.914583 0.292187 0.916667 0.290625 0.918750 0.289062 0.918750 0.292187 0.918750 0.296875 0.925000 0.296875 0.927083 0.295312 0.929167 0.293750 0.929167 0.293750 0.933333 0.295312 0.935417 0.293750 0.937500 0.293750 0.939583 0.295312 0.941667 0.292187 0.945833 0.292187 0.947917 0.290625 0.950000 0.289062 0.950000 0.289062 0.952083 0.287500 0.954167 0.285938 0.954167 0.287500 0.954167 0.289062 0.952083 0.290625 0.952083 0.292187 0.954167 0.293750 0.954167 0.295312 0.956250 0.296875 0.956250 0.300000 0.960417 0.300000 0.962500 0.298438 0.964583 0.296875 0.964583 0.295312 0.962500 0.295312 0.960417 0.292187 0.960417 0.292187 0.962500 0.290625 0.964583 0.287500 0.960417 0.285938 0.960417 0.285938 0.962500 0.287500 0.962500 0.289062 0.964583 0.289062 0.966667 0.287500 0.968750 0.281250 0.968750 0.281250 0.975000 0.279687 0.977083 0.276562 0.977083 0.276562 0.979167 0.275000 0.981250 0.271875 0.977083 0.275000 0.972917 0.273438 0.972917 0.271875 0.970833 0.271875 0.968750 0.267188 0.968750 0.265625 0.970833 0.271875 0.970833 0.273438 0.972917 0.271875 0.975000 0.270313 0.975000 0.268750 0.977083 0.268750 0.979167 0.267188 0.981250 0.265625 0.981250 0.264062 0.979167 0.264062 0.977083 0.262500 0.977083 0.262500 0.979167 0.260937 0.981250 0.259375 0.981250 0.256250 0.977083 0.257812 0.975000 0.259375 0.975000 0.259375 0.972917 0.256250 0.968750 0.245312 0.968750 0.243750 0.966667 0.243750 0.964583 0.242188 0.964583 0.240625 0.962500 0.243750 0.958333 0.243750 0.956250 0.245312 0.954167 0.248438 0.954167 0.245312 0.954167 0.243750 0.952083 0.243750 0.950000 0.242188 0.950000 0.240625 0.947917 0.240625 0.943750 0.242188 0.941667 0.242188 0.937500 0.243750 0.935417 0.242188 0.937500 0.235937 0.937500 0.234375 0.939583 0.235937 0.941667 0.235937 0.943750 0.237500 0.945833 0.237500 0.947917 0.234375 0.952083 0.234375 0.956250 0.235937 0.958333 0.235937 0.960417 0.237500 0.962500 0.235937 0.964583 0.235937 0.966667 0.234375 0.968750 0.234375 0.970833 0.235937 0.972917 0.235937 0.975000 0.237500 0.977083 0.235937 0.979167 0.235937 0.981250 0.234375 0.983333 0.234375 0.985417 0.235937 0.987500 0.235937 0.991667 0.237500 0.993750 0.240625 0.993750 0.243750 0.989583 0.245312 0.989583 0.245312 0.987500 0.246875 0.985417 0.250000 0.985417 0.251563 0.983333 0.254688 0.987500 0.256250 0.987500 0.256250 0.985417 0.259375 0.981250 0.260937 0.981250 0.262500 0.979167 0.264062 0.979167 0.265625 0.981250 0.265625 0.983333 0.267188 0.985417 0.271875 0.985417 0.270313 0.983333 0.268750 0.983333 0.267188 0.981250 0.268750 0.979167 0.271875 0.979167 0.273438 0.981250 0.276562 0.981250 0.278125 0.979167 0.279687 0.979167 0.281250 0.981250 0.281250 0.983333 0.282813 0.985417 0.282813 0.987500 0.284375 0.989583 0.282813 0.991667 0.284375 0.993750 0.287500 0.993750 0.290625 0.989583 0.293750 0.993750 0.295312 0.991667 0.293750 0.989583 0.298438 0.983333 0.298438 0.981250 0.296875 0.979167 0.296875 0.975000 0.298438 0.972917 0.300000 0.972917 0.301563 0.975000 0.301563 0.979167 0.306250 0.972917 0.309375 0.977083 0.312500 0.972917 0.314063 0.972917 0.320312 0.981250 0.320312 0.983333 0.326562 0.983333 0.328125 0.985417 0.331250 0.985417 0.332813 0.987500 0.332813 0.993750 0.346875 0.993750 0.348438 0.995833 0.357812 0.995833 0.359375 0.993750 0.362500 0.993750 0.364063 0.995833 0.368750 0.995833 0.370312 0.993750 0.379688 0.993750 0.381250 0.995833 0.387500 0.995833 0.389062 0.993750 0.390625 0.993750 0.392188 0.991667 0.393750 0.991667 0.395313 0.993750 0.403125 0.993750 0.406250 0.997917 0.515625 0.997917 0.515625 0.995833 0.517188 0.993750 0.521875 0.993750 0.523438 0.995833 0.526563 0.995833 0.528125 0.997917 0.623437 0.997917 0.626563 0.993750 0.629687 0.993750 0.629687 0.987500 0.631250 0.985417 0.631250 0.983333 0.629687 0.981250 0.631250 0.979167 0.631250 0.972917 0.632812 0.970833 0.629687 0.966667 0.631250 0.964583 0.631250 0.960417 0.632812 0.958333 0.632812 0.954167 0.635938 0.950000 0.635938 0.941667 0.637500 0.939583 0.639062 0.939583 0.640625 0.941667 0.642188 0.941667 0.643750 0.939583 0.643750 0.937500 0.642188 0.937500 0.640625 0.935417 0.639062 0.937500 0.637500 0.937500 0.635938 0.935417 0.635938 0.933333 0.639062 0.929167 0.642188 0.929167 0.642188 0.927083 0.645312 0.922917 0.643750 0.920833 0.643750 0.918750 0.645312 0.916667 0.645312 0.910417 0.646875 0.908333 0.646875 0.906250 0.645312 0.906250 0.643750 0.904167 0.646875 0.900000 0.646875 0.897917 0.645312 0.897917 0.643750 0.895833 0.650000 0.887500 0.651563 0.887500 0.653125 0.885417 0.653125 0.883333 0.651563 0.883333 0.650000 0.881250 0.650000 0.879167 0.648438 0.877083 0.648438 0.875000 0.650000 0.872917 0.651563 0.872917 0.651563 0.870833 0.653125 0.868750 0.653125 0.866667 0.651563 0.864583 0.653125 0.862500 0.653125 0.856250 0.654687 0.854167 0.654687 0.852083 0.653125 0.850000 0.653125 0.843750 0.654687 0.841667 0.654687 0.827083 0.656250 0.825000 0.657813 0.825000 0.656250 0.825000 0.654687 0.822917 0.654687 0.818750 0.656250 0.816667 0.654687 0.814583 0.654687 0.795833 0.656250 0.793750 0.654687 0.791667 0.654687 0.783333 0.653125 0.781250 0.653125 0.764583 0.651563 0.762500 0.653125 0.760417 0.653125 0.756250 0.651563 0.754167 0.653125 0.752083 0.646875 0.743750 0.650000 0.739583 0.650000 0.737500 0.648438 0.735417 0.648438 0.733333 0.646875 0.733333 0.645312 0.731250 0.646875 0.729167 0.646875 0.725000 0.648438 0.722917 0.646875 0.720833 0.646875 0.718750 0.645312 0.718750 0.640625 0.712500 0.640625 0.710417 0.642188 0.708333 0.640625 0.706250 0.640625 0.704167 0.639062 0.702083 0.639062 0.693750 0.637500 0.691667 0.639062 0.689583 0.637500 0.687500 0.635938 0.687500 0.634375 0.685417 0.632812 0.685417 0.631250 0.683333 0.631250 0.679167 0.629687 0.677083 0.629687 0.672917 0.626563 0.672917 0.623437 0.668750 0.623437 0.662500 0.620313 0.658333 0.618750 0.658333 0.617188 0.656250 0.606250 0.656250 0.604688 0.654167 0.596875 0.654167 0.593750 0.650000 0.593750 0.641667 0.592187 0.639583 0.590625 0.639583 0.589063 0.637500 0.587500 0.637500 0.584375 0.633333 0.581250 0.633333 0.579688 0.631250 0.579688 0.629167 0.578125 0.627083 0.576562 0.627083 0.575000 0.625000 0.573438 0.625000 0.568750 0.618750 0.568750 0.616667 0.570312 0.614583 0.568750 0.612500 0.568750 0.608333 0.567187 0.606250 0.567187 0.600000 0.565625 0.597917 0.565625 0.595833 0.564063 0.593750 0.562500 0.595833 0.562500 0.600000 0.564063 0.600000 0.565625 0.602083 0.564063 0.604167 0.562500 0.604167 0.562500 0.614583 0.565625 0.618750 0.564063 0.620833 0.562500 0.620833 0.562500 0.625000 0.560937 0.627083 0.562500 0.629167 0.560937 0.631250 0.557813 0.631250 0.554688 0.627083 0.553125 0.627083 0.551562 0.625000 0.550000 0.627083 0.548438 0.627083 0.546875 0.625000 0.543750 0.625000 0.542188 0.622917 0.542188 0.620833 0.543750 0.618750 0.545312 0.618750 0.543750 0.616667 0.540625 0.620833 0.539062 0.618750 0.539062 0.616667 0.540625 0.614583 0.540625 0.612500 0.542188 0.610417 0.542188 0.608333 0.540625 0.606250 0.542188 0.604167 0.543750 0.604167 0.545312 0.602083 0.543750 0.602083 0.539062 0.595833 0.540625 0.593750 0.543750 0.593750 0.545312 0.591667 0.548438 0.591667 0.550000 0.589583 0.551562 0.589583 0.553125 0.587500 0.551562 0.585417 0.548438 0.589583 0.543750 0.583333 0.543750 0.581250 0.545312 0.579167 0.545312 0.577083 0.546875 0.575000 0.545312 0.572917 0.545312 0.568750 0.543750 0.566667 0.545312 0.564583 0.545312 0.562500 0.546875 0.560417 0.553125 0.560417 0.553125 0.556250 0.550000 0.556250 0.548438 0.554167 0.548438 0.547917 0.545312 0.543750 0.545312 0.537500 0.546875 0.535417 0.546875 0.533333 0.550000 0.529167 0.559375 0.529167 0.562500 0.533333 0.562500 0.537500 0.564063 0.539583 0.564063 0.541667 0.562500 0.543750 0.562500 0.552083 0.564063 0.554167 0.564063 0.560417 0.562500 0.562500 0.562500 0.564583 0.564063 0.566667 0.564063 0.568750 0.565625 0.570833 0.565625 0.575000 0.568750 0.575000 0.570312 0.577083 0.575000 0.577083 0.576562 0.579167 0.576562 0.583333 0.578125 0.585417 0.578125 0.606250 0.579688 0.608333 0.590625 0.608333 0.593750 0.612500 0.593750 0.625000 0.600000 0.633333 0.600000 0.635417 0.601562 0.637500 0.601562 0.639583 0.604688 0.639583 0.606250 0.637500 0.609375 0.641667 0.609375 0.643750 0.610938 0.645833 0.618750 0.645833 0.620313 0.643750 0.620313 0.641667 0.621875 0.639583 0.625000 0.643750 0.626563 0.643750 0.628125 0.645833 0.626563 0.647917 0.621875 0.647917 0.623437 0.650000 0.629687 0.650000 0.631250 0.652083 0.635938 0.652083 0.637500 0.650000 0.639062 0.650000 0.640625 0.652083 0.640625 0.668750 0.642188 0.670833 0.642188 0.672917 0.645312 0.677083 0.645312 0.681250 0.648438 0.685417 0.648438 0.687500 0.650000 0.689583 0.650000 0.685417 0.653125 0.681250 0.654687 0.681250 0.651563 0.677083 0.653125 0.675000 0.653125 0.672917 0.654687 0.670833 0.654687 0.656250 0.656250 0.654167 0.657813 0.654167 0.657813 0.652083 0.659375 0.650000 0.660937 0.650000 0.659375 0.650000 0.657813 0.652083 0.656250 0.652083 0.653125 0.656250 0.651563 0.654167 0.643750 0.654167 0.642188 0.652083 0.643750 0.650000 0.648438 0.650000 0.646875 0.647917 0.645312 0.647917 0.643750 0.645833 0.643750 0.641667 0.640625 0.637500 0.637500 0.637500 0.635938 0.635417 0.635938 0.633333 0.632812 0.629167 0.634375 0.627083 0.634375 0.622917 0.635938 0.620833 0.635938 0.618750 0.634375 0.616667 0.632812 0.616667 0.631250 0.614583 0.631250 0.612500 0.632812 0.610417 0.634375 0.610417 0.634375 0.606250 0.635938 0.604167 0.637500 0.604167 0.637500 0.602083 0.612500 0.602083 0.610938 0.600000 0.610938 0.591667 0.614062 0.587500 0.615625 0.587500 0.618750 0.591667 0.621875 0.587500 0.625000 0.591667 0.625000 0.593750 0.626563 0.595833 0.628125 0.593750 0.628125 0.591667 0.631250 0.587500 0.634375 0.591667 0.634375 0.589583 0.635938 0.587500 0.639062 0.587500 0.642188 0.591667 0.645312 0.587500 0.646875 0.587500 0.646875 0.585417 0.643750 0.585417 0.642188 0.583333 0.645312 0.579167 0.643750 0.579167 0.642188 0.577083 0.640625 0.579167 0.640625 0.581250 0.642188 0.583333 0.639062 0.587500 0.635938 0.587500 0.634375 0.589583 0.632812 0.587500 0.632812 0.585417 0.628125 0.585417 0.626563 0.583333 0.625000 0.585417 0.620313 0.585417 0.618750 0.587500 0.617188 0.587500 0.615625 0.585417 0.612500 0.585417 0.610938 0.583333 0.610938 0.581250 0.612500 0.579167 0.614062 0.579167 0.612500 0.579167 0.610938 0.577083 0.609375 0.577083 0.607812 0.575000 0.607812 0.570833 0.606250 0.568750 0.604688 0.568750 0.603125 0.566667 0.604688 0.564583 0.606250 0.564583 0.606250 0.562500 0.604688 0.560417 0.606250 0.558333 0.610938 0.558333 0.612500 0.556250 0.614062 0.556250 0.612500 0.556250 0.610938 0.558333 0.607812 0.554167 0.604688 0.554167 0.603125 0.552083 0.603125 0.550000 0.604688 0.547917 0.606250 0.547917 0.607812 0.545833 0.609375 0.545833 0.612500 0.541667 0.614062 0.541667 0.615625 0.539583 0.612500 0.539583 0.610938 0.541667 0.609375 0.539583 0.609375 0.531250 0.610938 0.529167 0.610938 0.527083 0.609375 0.525000 0.609375 0.522917 0.607812 0.520833 0.607812 0.514583 0.609375 0.512500 0.609375 0.506250 0.610938 0.504167 0.610938 0.495833 0.612500 0.493750 0.614062 0.493750 0.612500 0.491667 0.612500 0.485417 0.607812 0.479167 0.607812 0.475000 0.609375 0.472917 0.607812 0.470833 0.610938 0.466667 0.612500 0.466667 0.612500 0.464583 0.614062 0.462500 0.614062 0.460417 0.610938 0.464583 0.609375 0.462500 0.609375 0.458333 0.610938 0.456250 0.612500 0.456250 0.612500 0.454167 0.614062 0.452083 0.617188 0.456250 0.620313 0.456250 0.621875 0.454167 0.623437 0.456250 0.623437 0.458333 0.621875 0.460417 0.621875 0.462500 0.625000 0.466667 0.635938 0.466667 0.637500 0.464583 0.639062 0.464583 0.640625 0.466667 0.642188 0.466667 0.643750 0.464583 0.648438 0.464583 0.646875 0.462500 0.646875 0.460417 0.648438 0.458333 0.651563 0.458333 0.653125 0.460417 0.653125 0.462500 0.654687 0.462500 0.656250 0.464583 0.656250 0.489583 0.653125 0.493750 0.654687 0.493750 0.656250 0.495833 0.656250 0.506250 0.654687 0.508333 0.653125 0.508333 0.654687 0.508333 0.656250 0.510417 0.656250 0.512500 0.657813 0.514583 0.662500 0.508333 0.659375 0.504167 0.660937 0.502083 0.660937 0.500000 0.662500 0.497917 0.665625 0.497917 0.668750 0.493750 0.670312 0.493750 0.670312 0.491667 0.671875 0.489583 0.673438 0.489583 0.673438 0.487500 0.671875 0.485417 0.670312 0.485417 0.667188 0.481250 0.668750 0.479167 0.670312 0.479167 0.670312 0.477083 0.673438 0.472917 0.673438 0.468750 0.675000 0.466667 0.675000 0.464583 0.676562 0.462500 0.678125 0.462500 0.678125 0.460417 0.679688 0.458333 0.681250 0.458333 0.679688 0.456250 0.678125 0.458333 0.676562 0.456250 0.676562 0.452083 0.678125 0.450000 0.681250 0.450000 0.679688 0.450000 0.678125 0.447917 0.678125 0.443750 0.676562 0.443750 0.675000 0.441667 0.675000 0.437500 0.676562 0.435417 0.679688 0.435417 0.678125 0.433333 0.678125 0.429167 0.673438 0.429167 0.671875 0.427083 0.671875 0.425000 0.675000 0.420833 0.681250 0.420833 0.682813 0.418750 0.685937 0.418750 0.685937 0.416667 0.689063 0.412500 0.690625 0.412500 0.690625 0.408333 0.695312 0.402083 0.695312 0.397917 0.696875 0.395833 0.698438 0.395833 0.700000 0.393750 0.701562 0.393750 0.704688 0.397917 0.706250 0.395833 0.707812 0.395833 0.707812 0.391667 0.706250 0.389583 0.706250 0.387500 0.707812 0.385417 0.707812 0.352083 0.709375 0.350000 0.709375 0.341667 0.710938 0.339583 0.710938 0.335417 0.709375 0.333333 0.709375 0.331250 0.710938 0.329167 0.709375 0.327083 0.709375 0.302083 0.707812 0.300000 0.707812 0.283333 0.704688 0.279167 0.704688 0.277083 0.703125 0.275000 0.703125 0.270833 0.701562 0.272917 0.696875 0.272917 0.695312 0.270833 0.696875 0.268750 0.696875 0.266667 0.698438 0.264583 0.700000 0.264583 0.701562 0.262500 0.701562 0.258333 0.698438 0.254167 0.698438 0.250000 0.696875 0.247917 0.696875 0.245833 0.698438 0.243750 0.695312 0.239583 0.695312 0.237500 0.696875 0.235417 0.696875 0.229167 0.692187 0.222917 0.693750 0.220833 0.689063 0.214583 0.689063 0.212500 0.690625 0.210417 0.690625 0.204167 0.693750 0.200000 0.693750 0.197917 0.692187 0.195833 0.692187 0.191667 0.690625 0.189583 0.695312 0.183333 0.696875 0.183333 0.696875 0.179167 0.695312 0.177083 0.696875 0.175000 0.696875 0.172917 0.700000 0.168750 0.698438 0.166667 0.698438 0.164583 0.695312 0.160417 0.700000 0.154167 0.701562 0.154167 0.703125 0.152083 0.701562 0.150000 0.701562 0.147917 0.703125 0.145833 0.704688 0.145833 0.704688 0.141667 0.707812 0.137500 0.707812 0.116667 0.706250 0.114583 0.706250 0.112500 0.704688 0.110417 0.704688 0.131250 0.703125 0.133333 0.703125 0.135417 0.701562 0.137500 0.703125 0.139583 0.703125 0.141667 0.701562 0.143750 0.700000 0.143750 0.698438 0.141667 0.698438 0.139583 0.696875 0.139583 0.695312 0.141667 0.689063 0.141667 0.689063 0.145833 0.687500 0.147917 0.687500 0.158333 0.689063 0.160417 0.687500 0.162500 0.687500 0.164583 0.685937 0.166667 0.685937 0.168750 0.687500 0.170833 0.687500 0.175000 0.684375 0.179167 0.681250 0.179167 0.679688 0.181250 0.679688 0.187500 0.678125 0.189583 0.675000 0.189583 0.673438 0.187500 0.671875 0.187500 0.670312 0.189583 0.668750 0.189583 0.667188 0.187500 0.667188 0.185417 0.665625 0.183333 0.665625 0.181250 0.664062 0.179167 0.664062 0.175000 0.665625 0.172917 0.665625 0.168750 0.664062 0.166667 0.664062 0.164583 0.667188 0.160417 0.667188 0.156250 0.668750 0.154167 0.668750 0.147917 0.670312 0.145833 0.668750 0.143750 0.668750 0.137500 0.667188 0.135417 0.665625 0.135417 0.664062 0.133333 0.665625 0.131250 0.667188 0.131250 0.667188 0.129167 0.665625 0.127083 0.665625 0.125000 0.667188 0.122917 0.667188 0.120833 0.668750 0.118750 0.668750 0.116667 0.671875 0.112500 0.671875 0.110417 0.675000 0.106250 0.682813 0.106250 0.679688 0.102083 0.679688 0.100000 0.678125 0.100000 0.673438 0.093750 0.676562 0.089583 0.678125 0.089583 0.679688 0.091667 0.684375 0.091667 0.685937 0.089583 0.685937 0.087500 0.689063 0.083333 0.689063 0.079167 0.685937 0.075000 0.685937 0.070833 0.689063 0.066667 0.689063 0.062500 0.687500 0.060417 0.687500 0.054167 0.689063 0.052083 0.689063 0.043750 0.687500 0.043750 0.685937 0.041667 0.685937 0.039583 0.684375 0.037500 0.682813 0.037500 0.681250 0.039583 0.679688 0.039583 0.679688 0.043750 0.678125 0.045833 0.676562 0.045833 0.675000 0.043750 0.675000 0.041667 0.673438 0.039583 0.673438 0.041667 0.671875 0.043750 0.671875 0.062500 0.670312 0.064583 0.670312 0.066667 0.668750 0.068750 0.667188 0.066667 0.667188 0.062500 0.665625 0.060417 0.665625 0.058333 0.664062 0.056250 0.664062 0.054167 0.665625 0.052083 0.664062 0.050000 0.664062 0.045833 0.662500 0.043750 0.662500 0.031250 0.664062 0.029167 0.664062 0.025000 0.662500 0.022917 0.662500 0.020833 0.659375 0.016667 0.660937 0.014583 0.660937 0.010417 0.656250 0.004167 0.653125 0.004167 0.650000 0.000000 0.626563 0.000000 0.626563 0.002083 0.625000 0.004167 0.625000 0.016667 0.623437 0.018750 0.623437 0.027083 0.621875 0.029167 0.620313 0.027083 0.618750 0.027083 0.618750 0.029167 0.621875 0.029167 0.623437 0.031250 0.623437 0.035417 0.621875 0.037500 0.620313 0.035417 0.617188 0.035417 0.617188 0.037500 0.615625 0.039583 0.615625 0.041667 0.617188 0.043750 0.614062 0.047917 0.612500 0.047917 0.610938 0.045833 0.609375 0.047917 0.609375 0.054167 0.607812 0.056250 0.607812 0.060417 0.606250 0.062500 0.606250 0.064583 0.607812 0.066667 0.606250 0.068750 0.604688 0.068750 0.600000 0.062500 0.595313 0.062500 0.593750 0.064583 0.593750 0.068750 0.592187 0.070833 0.590625 0.070833 0.592187 0.070833 0.593750 0.068750 0.595313 0.068750 0.596875 0.070833 0.596875 0.072917 0.595313 0.075000 0.593750 0.075000 0.595313 0.077083 0.595313 0.081250 0.596875 0.081250 0.598437 0.079167 0.600000 0.081250 0.600000 0.083333 0.598437 0.085417 0.598437 0.087500 0.600000 0.089583 0.600000 0.091667 0.598437 0.093750 0.596875 0.091667 0.595313 0.091667 0.593750 0.093750 0.593750 0.100000 0.592187 0.102083 0.592187 0.104167 0.593750 0.106250 0.592187 0.108333 0.592187 0.133333 0.590625 0.135417 0.587500 0.135417 0.585938 0.137500 0.585938 0.139583 0.584375 0.141667 0.584375 0.145833 0.582812 0.147917 0.581250 0.147917 0.581250 0.150000 0.579688 0.152083 0.576562 0.147917 0.575000 0.147917 0.571875 0.143750 0.571875 0.147917 0.573438 0.150000 0.570312 0.154167 0.570312 0.156250 0.568750 0.158333 0.570312 0.160417 0.568750 0.162500 0.568750 0.170833 0.567187 0.172917 0.565625 0.170833 0.562500 0.170833 0.560937 0.172917 0.559375 0.172917 0.556250 0.168750 0.556250 0.172917 0.554688 0.175000 0.554688 0.177083 0.553125 0.179167 0.551562 0.179167 0.550000 0.177083 0.550000 0.166667 0.551562 0.164583 0.553125 0.164583 0.554688 0.162500 0.556250 0.162500 0.559375 0.166667 0.560937 0.164583 0.559375 0.164583 0.556250 0.160417 0.556250 0.158333 0.557813 0.156250 0.560937 0.156250 0.559375 0.154167 0.559375 0.152083 0.560937 0.150000 0.560937 0.147917 0.559375 0.145833 0.559375 0.137500 0.560937 0.135417 0.560937 0.131250 0.559375 0.129167 0.559375 0.125000 0.551562 0.125000 0.550000 0.122917 0.550000 0.100000 0.548438 0.097917 0.548438 0.089583 0.546875 0.087500 0.548438 0.085417 0.550000 0.085417 0.551562 0.087500 0.551562 0.085417 0.553125 0.083333 0.554688 0.083333 0.553125 0.081250 0.553125 0.079167 0.556250 0.075000 0.554688 0.072917 0.554688 0.070833 0.557813 0.066667 0.559375 0.066667 0.559375 0.062500 0.560937 0.060417 0.560937 0.056250 0.557813 0.052083 0.557813 0.050000 0.559375 0.047917 0.557813 0.045833 0.557813 0.043750 0.559375 0.041667 0.559375 0.035417 0.560937 0.033333 0.560937 0.031250 0.559375 0.029167 0.559375 0.014583 0.560937 0.012500 0.560937 0.006250 0.559375 0.004167 0.554688 0.004167 0.553125 0.006250 0.550000 0.006250 0.550000 0.010417 0.548438 0.012500 0.553125 0.018750 0.553125 0.020833 0.551562 0.022917 0.550000 0.022917 0.548438 0.025000 0.546875 0.025000 0.545312 0.022917 0.542188 0.022917 0.540625 0.020833 0.540625 0.029167 0.539062 0.031250 0.539062 0.035417 0.535937 0.039583 0.534375 0.039583 0.534375 0.041667 0.531250 0.045833 0.529687 0.045833 0.528125 0.047917 0.526563 0.045833 0.521875 0.045833 0.520312 0.047917 0.517188 0.043750 0.515625 0.043750 0.514062 0.041667 0.514062 0.039583 0.512500 0.039583 0.510938 0.037500 0.510938 0.035417 0.512500 0.033333 0.514062 0.033333 0.515625 0.035417 0.517188 0.035417 0.515625 0.033333 0.515625 0.031250 0.517188 0.029167 0.517188 0.027083 0.515625 0.025000 0.518750 0.020833 0.518750 0.016667 0.517188 0.016667 0.514062 0.012500 0.514062 0.010417 0.517188 0.006250 0.517188 0.004167 0.507812 0.004167 0.504687 0.008333 0.503125 0.008333 0.503125 0.010417 0.504687 0.010417 0.506250 0.012500 0.504687 0.014583 0.503125 0.014583 0.501563 0.016667 0.504687 0.016667 0.506250 0.018750 0.506250 0.020833 0.504687 0.022917 0.504687 0.025000 0.506250 0.027083 0.506250 0.029167 0.509375 0.033333 0.507812 0.035417 0.507812 0.037500 0.506250 0.039583 0.504687 0.039583 0.507812 0.043750 0.506250 0.045833 0.498437 0.045833 0.498437 0.052083 0.496875 0.054167 0.495312 0.052083 0.492188 0.052083 0.490625 0.054167 0.487500 0.054167 0.484375 0.050000 0.484375 0.045833 0.482812 0.043750 0.482812 0.039583 0.479687 0.035417 0.481250 0.033333 0.481250 0.031250 0.482812 0.029167 0.482812 0.022917 0.481250 0.020833 0.482812 0.018750 0.482812 0.014583 0.484375 0.012500 0.484375 0.004167 0.482812 0.002083 0.482812 0.000000 0.331250 0.000000 0.329688 0.002083 0.328125 0.000000 0.300000 0.000000 0.300000 0.002083 0.298438 0.004167 0.296875 0.004167 0.295312 0.006250 0.293750 0.006250 0.292187 0.004167 0.293750 0.002083 0.293750 0.000000 0.293750 0.002083 0.292187 0.004167 0.289062 0.004167 0.289062 0.006250 0.287500 0.008333 0.285938 0.008333 0.285938 0.010417 0.287500 0.012500 0.285938 0.014583 0.284375 0.014583 0.281250 0.010417 0.281250 0.008333 0.282813 0.006250 0.282813 0.004167 0.273438 0.004167 0.271875 0.002083 0.271875 0.000000 0.270313 0.000000 0.270313 0.002083 0.267188 0.006250 0.264062 0.002083 0.264062 0.000000 0.260937 0.000000 0.259375 0.002083 0.257812 0.000000 0.253125 0.000000 0.251563 0.002083 0.250000 0.002083 0.246875 0.006250 0.245312 0.004167 0.242188 0.004167 0.240625 0.002083 0.240625 0.000000 0.239063 0.000000 0.239063 0.004167 0.237500 0.006250 0.237500 0.008333 0.235937 0.010417 0.234375 0.010417 0.232813 0.008333 0.229687 0.008333 0.228125 0.006250 0.225000 0.006250 0.223438 0.008333 0.221875 0.008333 0.220312 0.010417 0.218750 0.008333 0.218750 0.006250 0.217188 0.004167 0.214062 0.004167 0.212500 0.006250 0.207813 0.006250 0.206250 0.008333 0.206250 0.010417 0.204687 0.012500 0.203125 0.010417 0.203125 0.008333 0.201563 0.008333 0.200000 0.006250 0.189062 0.006250 0.187500 0.004167 0.184375 0.004167 0.182812 0.002083 0.179688 0.002083 0.178125 0.004167 0.173437 0.004167 0.171875 0.002083 0.162500 0.002083 0.160938 0.000000 0.157812 0.000000 0.154688 0.004167 0.151562 0.004167 0.150000 0.002083 0.128125 0.002083 0.126562 0.000000 0.125000 0.002083 0.112500 0.002083 0.110937 0.000000 0.109375 0.000000 0.107813 0.002083 0.101562 0.002083 0.100000 0.004167 0.084375 0.004167 0.082812 0.006250 0.081250 0.006250 0.076563 0.000000 
