person_87 0.840625 0.987500 0.839063 0.989583 0.840625 0.991667 0.842187 0.989583 
person_87 0.801562 0.987500 0.801562 0.989583 0.803125 0.989583 
person_87 0.739062 0.987500 0.739062 0.989583 0.740625 0.989583 
person_87 0.715625 0.987500 0.715625 0.991667 0.717187 0.989583 
person_87 0.707812 0.987500 0.706250 0.989583 0.709375 0.989583 0.709375 0.987500 
person_87 0.773438 0.985417 0.771875 0.987500 0.768750 0.987500 0.768750 0.989583 0.771875 0.989583 0.771875 0.987500 0.773438 0.985417 0.775000 0.985417 0.776563 0.987500 0.776563 0.991667 0.778125 0.991667 0.779687 0.989583 0.779687 0.987500 0.776563 0.987500 0.775000 0.985417 
person_87 0.871875 0.972917 0.868750 0.977083 0.867188 0.977083 0.867188 0.985417 0.864062 0.989583 0.867188 0.993750 0.868750 0.993750 0.871875 0.997917 0.871875 0.993750 0.873437 0.991667 0.873437 0.987500 0.871875 0.985417 0.873437 0.983333 0.873437 0.972917 
person_87 0.784375 0.972917 0.785937 0.975000 0.785937 0.972917 
person_87 0.731250 0.972917 0.731250 0.975000 0.732812 0.972917 
person_87 0.739062 0.970833 0.737500 0.972917 0.739062 0.975000 0.740625 0.975000 0.740625 0.972917 
person_87 0.723437 0.970833 0.721875 0.972917 0.723437 0.975000 0.725000 0.975000 0.725000 0.972917 
person_87 0.707812 0.970833 0.706250 0.972917 0.707812 0.975000 0.709375 0.975000 0.709375 0.972917 
person_87 0.692187 0.970833 0.690625 0.972917 0.692187 0.975000 0.693750 0.972917 
person_87 0.675000 0.970833 0.675000 0.972917 0.676562 0.975000 0.678125 0.975000 0.678125 0.970833 
person_87 0.851562 0.000000 0.846875 0.006250 0.837500 0.006250 0.835938 0.008333 0.835938 0.012500 0.832812 0.016667 0.826562 0.016667 0.825000 0.018750 0.825000 0.020833 0.823438 0.022917 0.823438 0.027083 0.825000 0.029167 0.834375 0.029167 0.835938 0.031250 0.843750 0.031250 0.845313 0.029167 0.846875 0.029167 0.848437 0.031250 0.850000 0.031250 0.851562 0.033333 0.859375 0.033333 0.860938 0.035417 0.864062 0.035417 0.867188 0.039583 0.867188 0.043750 0.865625 0.045833 0.865625 0.050000 0.862500 0.054167 0.860938 0.054167 0.860938 0.056250 0.859375 0.058333 0.859375 0.060417 0.857812 0.062500 0.857812 0.066667 0.854688 0.070833 0.851562 0.070833 0.851562 0.072917 0.846875 0.079167 0.845313 0.079167 0.840625 0.085417 0.837500 0.085417 0.832812 0.091667 0.834375 0.093750 0.829688 0.100000 0.828125 0.100000 0.826562 0.097917 0.825000 0.097917 0.821875 0.102083 0.820312 0.102083 0.820312 0.110417 0.818750 0.112500 0.815625 0.112500 0.812500 0.108333 0.812500 0.106250 0.809375 0.102083 0.804688 0.102083 0.804688 0.110417 0.803125 0.112500 0.798438 0.112500 0.795312 0.108333 0.795312 0.106250 0.793750 0.104167 0.792188 0.106250 0.792188 0.108333 0.793750 0.110417 0.793750 0.112500 0.790625 0.116667 0.785937 0.116667 0.784375 0.118750 0.779687 0.118750 0.778125 0.120833 0.778125 0.122917 0.775000 0.127083 0.775000 0.129167 0.773438 0.131250 0.773438 0.133333 0.770312 0.137500 0.770312 0.141667 0.765625 0.147917 0.764062 0.147917 0.762500 0.150000 0.760938 0.150000 0.760938 0.154167 0.762500 0.156250 0.762500 0.158333 0.757812 0.164583 0.757812 0.166667 0.756250 0.168750 0.756250 0.172917 0.754687 0.175000 0.753125 0.175000 0.751563 0.177083 0.746875 0.177083 0.743750 0.181250 0.743750 0.183333 0.742188 0.185417 0.742188 0.187500 0.740625 0.189583 0.740625 0.195833 0.739062 0.197917 0.739062 0.200000 0.735938 0.204167 0.734375 0.204167 0.729688 0.210417 0.728125 0.210417 0.726562 0.212500 0.726562 0.218750 0.725000 0.220833 0.725000 0.227083 0.723437 0.229167 0.723437 0.233333 0.721875 0.235417 0.720313 0.235417 0.718750 0.233333 0.718750 0.231250 0.717187 0.229167 0.717187 0.227083 0.715625 0.227083 0.714063 0.229167 0.712500 0.229167 0.712500 0.233333 0.710938 0.235417 0.710938 0.237500 0.709375 0.239583 0.707812 0.239583 0.706250 0.241667 0.704688 0.241667 0.703125 0.243750 0.700000 0.243750 0.698438 0.245833 0.698438 0.247917 0.696875 0.250000 0.696875 0.252083 0.695312 0.254167 0.693750 0.254167 0.692187 0.256250 0.693750 0.258333 0.692187 0.260417 0.692187 0.262500 0.689063 0.266667 0.685937 0.262500 0.685937 0.260417 0.682813 0.260417 0.678125 0.266667 0.676562 0.266667 0.670312 0.275000 0.665625 0.275000 0.667188 0.277083 0.657813 0.289583 0.650000 0.289583 0.646875 0.293750 0.645312 0.293750 0.646875 0.295833 0.646875 0.297917 0.645312 0.300000 0.645312 0.302083 0.643750 0.304167 0.634375 0.304167 0.631250 0.308333 0.629687 0.308333 0.629687 0.310417 0.631250 0.310417 0.632812 0.312500 0.628125 0.318750 0.629687 0.320833 0.629687 0.322917 0.628125 0.325000 0.628125 0.327083 0.626563 0.329167 0.625000 0.329167 0.623437 0.327083 0.623437 0.325000 0.621875 0.322917 0.620313 0.322917 0.618750 0.320833 0.621875 0.325000 0.620313 0.327083 0.618750 0.327083 0.617188 0.329167 0.615625 0.329167 0.614062 0.331250 0.612500 0.331250 0.612500 0.333333 0.609375 0.337500 0.607812 0.337500 0.607812 0.339583 0.604688 0.343750 0.603125 0.343750 0.600000 0.347917 0.598437 0.347917 0.598437 0.352083 0.596875 0.354167 0.596875 0.356250 0.593750 0.360417 0.595313 0.360417 0.596875 0.362500 0.596875 0.364583 0.595313 0.366667 0.593750 0.366667 0.592187 0.368750 0.587500 0.368750 0.589063 0.368750 0.590625 0.370833 0.590625 0.372917 0.589063 0.375000 0.581250 0.375000 0.579688 0.377083 0.579688 0.379167 0.576562 0.383333 0.576562 0.389583 0.570312 0.397917 0.570312 0.400000 0.568750 0.402083 0.568750 0.406250 0.567187 0.408333 0.567187 0.412500 0.568750 0.414583 0.568750 0.418750 0.565625 0.422917 0.564063 0.422917 0.564063 0.425000 0.565625 0.427083 0.565625 0.433333 0.564063 0.435417 0.562500 0.433333 0.562500 0.429167 0.559375 0.429167 0.557813 0.431250 0.556250 0.431250 0.556250 0.441667 0.557813 0.443750 0.557813 0.450000 0.559375 0.452083 0.560937 0.452083 0.565625 0.458333 0.564063 0.460417 0.564063 0.462500 0.567187 0.466667 0.568750 0.466667 0.579688 0.481250 0.579688 0.485417 0.585938 0.493750 0.585938 0.495833 0.587500 0.497917 0.589063 0.497917 0.592187 0.502083 0.592187 0.504167 0.593750 0.506250 0.593750 0.510417 0.595313 0.512500 0.595313 0.516667 0.610938 0.537500 0.610938 0.539583 0.614062 0.543750 0.614062 0.545833 0.625000 0.560417 0.625000 0.562500 0.626563 0.564583 0.626563 0.566667 0.628125 0.568750 0.631250 0.568750 0.634375 0.572917 0.635938 0.572917 0.637500 0.575000 0.635938 0.577083 0.635938 0.581250 0.637500 0.583333 0.639062 0.583333 0.642188 0.587500 0.642188 0.591667 0.643750 0.593750 0.643750 0.595833 0.648438 0.602083 0.648438 0.604167 0.650000 0.606250 0.651563 0.606250 0.657813 0.614583 0.659375 0.614583 0.660937 0.616667 0.662500 0.616667 0.668750 0.625000 0.670312 0.625000 0.675000 0.631250 0.676562 0.631250 0.678125 0.633333 0.678125 0.635417 0.679688 0.637500 0.679688 0.639583 0.681250 0.641667 0.681250 0.643750 0.682813 0.645833 0.682813 0.647917 0.684375 0.647917 0.685937 0.650000 0.685937 0.652083 0.687500 0.654167 0.692187 0.654167 0.695312 0.658333 0.695312 0.660417 0.700000 0.666667 0.700000 0.668750 0.703125 0.672917 0.703125 0.677083 0.707812 0.683333 0.709375 0.683333 0.712500 0.687500 0.714063 0.687500 0.717187 0.691667 0.718750 0.691667 0.723437 0.697917 0.723437 0.700000 0.725000 0.700000 0.726562 0.702083 0.726562 0.704167 0.739062 0.720833 0.739062 0.722917 0.740625 0.722917 0.742188 0.725000 0.742188 0.727083 0.745313 0.731250 0.745313 0.735417 0.746875 0.737500 0.746875 0.739583 0.748437 0.739583 0.757812 0.752083 0.757812 0.754167 0.759375 0.756250 0.759375 0.758333 0.760938 0.758333 0.762500 0.760417 0.764062 0.760417 0.771875 0.770833 0.773438 0.770833 0.775000 0.772917 0.775000 0.775000 0.776563 0.775000 0.781250 0.781250 0.781250 0.783333 0.785937 0.789583 0.785937 0.793750 0.787500 0.793750 0.789062 0.795833 0.789062 0.797917 0.790625 0.800000 0.790625 0.804167 0.798438 0.814583 0.798438 0.818750 0.800000 0.820833 0.800000 0.825000 0.803125 0.829167 0.803125 0.835417 0.804688 0.837500 0.804688 0.843750 0.806250 0.845833 0.806250 0.852083 0.812500 0.860417 0.812500 0.862500 0.815625 0.866667 0.817187 0.866667 0.818750 0.868750 0.817187 0.870833 0.818750 0.870833 0.820312 0.872917 0.867188 0.872917 0.868750 0.875000 0.870313 0.875000 0.871875 0.872917 0.873437 0.875000 0.876563 0.875000 0.878125 0.872917 0.889062 0.872917 0.890625 0.875000 0.903125 0.875000 0.907813 0.881250 0.907813 0.883333 0.909375 0.885417 0.909375 0.895833 0.907813 0.897917 0.907813 0.902083 0.906250 0.904167 0.906250 0.908333 0.904687 0.910417 0.904687 0.916667 0.900000 0.922917 0.900000 0.939583 0.901563 0.941667 0.901563 0.943750 0.900000 0.945833 0.900000 0.947917 0.901563 0.950000 0.900000 0.952083 0.900000 0.960417 0.903125 0.964583 0.900000 0.968750 0.896875 0.968750 0.895312 0.970833 0.893750 0.970833 0.892188 0.972917 0.890625 0.972917 0.889062 0.970833 0.885938 0.970833 0.885938 0.972917 0.884375 0.975000 0.882812 0.975000 0.881250 0.972917 0.879687 0.972917 0.881250 0.975000 0.882812 0.975000 0.884375 0.977083 0.882812 0.979167 0.882812 0.985417 0.881250 0.987500 0.879687 0.987500 0.879687 0.989583 0.882812 0.989583 0.884375 0.991667 0.885938 0.991667 0.887500 0.993750 0.889062 0.991667 0.890625 0.991667 0.892188 0.989583 0.895312 0.993750 0.896875 0.993750 0.898438 0.995833 0.900000 0.995833 0.901563 0.997917 0.903125 0.997917 0.904687 0.995833 0.904687 0.993750 0.907813 0.989583 0.909375 0.991667 0.910937 0.991667 0.915625 0.997917 0.998437 0.997917 0.998437 0.987500 0.996875 0.985417 0.998437 0.983333 0.998437 0.000000 
