person_58 0.551562 0.427083 0.554688 0.431250 0.556250 0.431250 0.559375 0.427083 0.560937 0.427083 0.559375 0.427083 0.557813 0.429167 0.553125 0.429167 
person_58 0.570312 0.414583 0.570312 0.416667 0.573438 0.416667 0.573438 0.414583 
person_58 0.554688 0.383333 0.556250 0.385417 0.556250 0.383333 
person_58 0.410938 0.372917 0.412500 0.372917 0.414062 0.375000 0.412500 0.377083 0.409375 0.377083 0.410938 0.379167 0.412500 0.379167 0.412500 0.377083 0.414062 0.375000 0.415625 0.375000 0.414062 0.375000 0.412500 0.372917 
person_58 0.595313 0.366667 0.593750 0.368750 0.595313 0.368750 
person_58 0.432812 0.350000 0.431250 0.352083 0.429688 0.352083 0.429688 0.354167 0.428125 0.356250 0.426563 0.356250 0.428125 0.356250 0.429688 0.354167 0.431250 0.354167 0.432812 0.356250 0.435937 0.356250 0.435937 0.354167 0.437500 0.352083 0.435937 0.350000 
person_58 0.457813 0.333333 0.454688 0.337500 0.448437 0.337500 0.446875 0.335417 0.442188 0.335417 0.440625 0.337500 0.440625 0.341667 0.442188 0.343750 0.442188 0.350000 0.443750 0.350000 0.445312 0.352083 0.446875 0.352083 0.445312 0.352083 0.443750 0.350000 0.443750 0.347917 0.442188 0.345833 0.445312 0.341667 0.446875 0.341667 0.448437 0.339583 0.451562 0.339583 0.453125 0.337500 0.454688 0.337500 0.456250 0.339583 0.456250 0.341667 0.454688 0.343750 0.456250 0.341667 0.457813 0.341667 0.459375 0.339583 0.459375 0.337500 0.457813 0.335417 
person_58 0.585938 0.320833 0.585938 0.322917 0.587500 0.322917 0.587500 0.320833 
person_58 0.609375 0.297917 0.610938 0.297917 0.612500 0.300000 0.612500 0.302083 0.610938 0.304167 0.610938 0.306250 0.610938 0.304167 0.612500 0.302083 0.615625 0.302083 0.614062 0.300000 0.612500 0.300000 0.610938 0.297917 
person_58 0.610938 0.266667 0.612500 0.268750 0.612500 0.270833 0.615625 0.270833 0.615625 0.268750 0.612500 0.268750 
person_58 0.659375 0.127083 0.660937 0.129167 0.662500 0.127083 
person_58 0.896875 0.070833 0.892188 0.077083 0.889062 0.072917 0.882812 0.072917 0.879687 0.077083 0.876563 0.077083 0.871875 0.083333 0.860938 0.083333 0.859375 0.085417 0.848437 0.085417 0.846875 0.087500 0.843750 0.087500 0.842187 0.089583 0.839063 0.089583 0.837500 0.087500 0.837500 0.089583 0.832812 0.095833 0.831250 0.095833 0.831250 0.104167 0.832812 0.106250 0.831250 0.108333 0.828125 0.108333 0.826562 0.110417 0.820312 0.110417 0.820312 0.114583 0.818750 0.116667 0.812500 0.116667 0.810937 0.118750 0.803125 0.118750 0.800000 0.122917 0.793750 0.122917 0.792188 0.125000 0.787500 0.125000 0.785937 0.127083 0.781250 0.127083 0.779687 0.125000 0.773438 0.125000 0.770312 0.129167 0.767188 0.125000 0.765625 0.127083 0.762500 0.127083 0.760938 0.125000 0.751563 0.125000 0.748437 0.129167 0.746875 0.129167 0.745313 0.131250 0.739062 0.131250 0.737500 0.133333 0.737500 0.135417 0.739062 0.137500 0.735938 0.141667 0.732812 0.137500 0.732812 0.133333 0.731250 0.131250 0.728125 0.131250 0.725000 0.135417 0.726562 0.137500 0.725000 0.139583 0.723437 0.139583 0.721875 0.141667 0.718750 0.141667 0.717187 0.139583 0.717187 0.131250 0.715625 0.129167 0.712500 0.133333 0.710938 0.133333 0.714063 0.137500 0.712500 0.139583 0.709375 0.139583 0.707812 0.141667 0.701562 0.141667 0.700000 0.143750 0.698438 0.141667 0.692187 0.141667 0.690625 0.143750 0.690625 0.147917 0.692187 0.147917 0.693750 0.150000 0.693750 0.152083 0.690625 0.156250 0.687500 0.156250 0.685937 0.154167 0.685937 0.152083 0.687500 0.150000 0.687500 0.143750 0.685937 0.143750 0.684375 0.141667 0.681250 0.141667 0.679688 0.139583 0.676562 0.139583 0.675000 0.141667 0.671875 0.141667 0.670312 0.143750 0.668750 0.143750 0.667188 0.141667 0.657813 0.141667 0.659375 0.143750 0.659375 0.150000 0.660937 0.152083 0.660937 0.154167 0.659375 0.156250 0.657813 0.156250 0.657813 0.166667 0.667188 0.166667 0.668750 0.164583 0.671875 0.168750 0.671875 0.170833 0.670312 0.172917 0.670312 0.175000 0.668750 0.177083 0.667188 0.175000 0.667188 0.170833 0.657813 0.170833 0.656250 0.172917 0.656250 0.179167 0.657813 0.181250 0.659375 0.181250 0.660937 0.183333 0.660937 0.185417 0.659375 0.187500 0.657813 0.187500 0.657813 0.189583 0.659375 0.191667 0.656250 0.195833 0.656250 0.206250 0.654687 0.208333 0.654687 0.212500 0.656250 0.214583 0.653125 0.218750 0.643750 0.218750 0.639062 0.225000 0.637500 0.225000 0.635938 0.227083 0.634375 0.227083 0.634375 0.231250 0.631250 0.235417 0.631250 0.252083 0.629687 0.254167 0.629687 0.256250 0.631250 0.258333 0.631250 0.260417 0.629687 0.262500 0.629687 0.264583 0.631250 0.266667 0.629687 0.268750 0.628125 0.268750 0.628125 0.270833 0.631250 0.275000 0.629687 0.277083 0.629687 0.279167 0.631250 0.281250 0.629687 0.283333 0.629687 0.287500 0.631250 0.289583 0.631250 0.291667 0.629687 0.293750 0.629687 0.295833 0.628125 0.297917 0.626563 0.297917 0.628125 0.300000 0.628125 0.302083 0.626563 0.304167 0.625000 0.304167 0.621875 0.300000 0.621875 0.302083 0.623437 0.304167 0.623437 0.310417 0.625000 0.312500 0.618750 0.320833 0.617188 0.320833 0.617188 0.327083 0.615625 0.329167 0.615625 0.333333 0.614062 0.335417 0.612500 0.335417 0.610938 0.337500 0.607812 0.337500 0.606250 0.339583 0.606250 0.350000 0.607812 0.352083 0.606250 0.354167 0.601562 0.354167 0.600000 0.356250 0.601562 0.358333 0.601562 0.360417 0.598437 0.364583 0.600000 0.366667 0.600000 0.372917 0.603125 0.377083 0.603125 0.385417 0.604688 0.387500 0.601562 0.391667 0.601562 0.404167 0.600000 0.406250 0.600000 0.414583 0.598437 0.416667 0.596875 0.416667 0.595313 0.414583 0.593750 0.414583 0.589063 0.408333 0.589063 0.406250 0.590625 0.404167 0.590625 0.402083 0.589063 0.400000 0.590625 0.397917 0.590625 0.393750 0.587500 0.389583 0.585938 0.389583 0.584375 0.391667 0.582812 0.391667 0.581250 0.389583 0.576562 0.389583 0.575000 0.387500 0.576562 0.385417 0.578125 0.385417 0.581250 0.381250 0.584375 0.381250 0.587500 0.385417 0.587500 0.383333 0.585938 0.383333 0.584375 0.381250 0.584375 0.379167 0.587500 0.375000 0.578125 0.375000 0.575000 0.379167 0.573438 0.377083 0.573438 0.375000 0.578125 0.368750 0.579688 0.368750 0.581250 0.366667 0.584375 0.366667 0.585938 0.368750 0.587500 0.368750 0.587500 0.366667 0.585938 0.366667 0.584375 0.364583 0.584375 0.362500 0.585938 0.360417 0.587500 0.360417 0.587500 0.358333 0.589063 0.356250 0.590625 0.356250 0.587500 0.352083 0.585938 0.352083 0.582812 0.356250 0.581250 0.354167 0.581250 0.352083 0.582812 0.350000 0.582812 0.347917 0.582812 0.350000 0.581250 0.352083 0.570312 0.352083 0.567187 0.347917 0.565625 0.350000 0.562500 0.350000 0.560937 0.347917 0.562500 0.345833 0.564063 0.345833 0.564063 0.343750 0.562500 0.343750 0.562500 0.345833 0.560937 0.347917 0.559375 0.347917 0.559375 0.350000 0.557813 0.352083 0.554688 0.352083 0.553125 0.350000 0.553125 0.347917 0.554688 0.345833 0.556250 0.345833 0.556250 0.343750 0.557813 0.341667 0.559375 0.341667 0.562500 0.337500 0.562500 0.333333 0.564063 0.331250 0.565625 0.331250 0.567187 0.333333 0.567187 0.331250 0.565625 0.329167 0.567187 0.327083 0.568750 0.327083 0.568750 0.325000 0.570312 0.322917 0.571875 0.322917 0.571875 0.320833 0.568750 0.316667 0.570312 0.314583 0.571875 0.314583 0.571875 0.312500 0.573438 0.310417 0.576562 0.310417 0.578125 0.312500 0.578125 0.314583 0.579688 0.314583 0.581250 0.316667 0.581250 0.318750 0.579688 0.320833 0.578125 0.320833 0.579688 0.320833 0.581250 0.318750 0.582812 0.318750 0.584375 0.316667 0.582812 0.316667 0.581250 0.314583 0.581250 0.312500 0.579688 0.312500 0.578125 0.310417 0.578125 0.308333 0.579688 0.306250 0.581250 0.306250 0.582812 0.304167 0.584375 0.306250 0.584375 0.310417 0.585938 0.312500 0.587500 0.312500 0.589063 0.310417 0.590625 0.310417 0.592187 0.308333 0.590625 0.306250 0.592187 0.304167 0.592187 0.302083 0.593750 0.300000 0.595313 0.300000 0.595313 0.297917 0.598437 0.293750 0.600000 0.293750 0.601562 0.295833 0.601562 0.297917 0.603125 0.297917 0.606250 0.293750 0.607812 0.293750 0.607812 0.285417 0.609375 0.283333 0.610938 0.283333 0.610938 0.281250 0.607812 0.281250 0.606250 0.279167 0.606250 0.275000 0.604688 0.272917 0.603125 0.272917 0.601562 0.270833 0.601562 0.268750 0.603125 0.266667 0.601562 0.266667 0.600000 0.264583 0.600000 0.262500 0.595313 0.262500 0.595313 0.264583 0.592187 0.268750 0.592187 0.270833 0.590625 0.272917 0.582812 0.272917 0.581250 0.275000 0.579688 0.275000 0.581250 0.277083 0.579688 0.279167 0.575000 0.279167 0.573438 0.281250 0.570312 0.281250 0.568750 0.283333 0.564063 0.283333 0.564063 0.285417 0.560937 0.289583 0.545312 0.289583 0.543750 0.291667 0.540625 0.291667 0.540625 0.293750 0.539062 0.295833 0.531250 0.295833 0.529687 0.297917 0.529687 0.300000 0.528125 0.302083 0.525000 0.297917 0.523438 0.300000 0.520312 0.300000 0.518750 0.302083 0.517188 0.302083 0.512500 0.308333 0.510938 0.308333 0.509375 0.306250 0.504687 0.306250 0.496875 0.316667 0.496875 0.318750 0.495312 0.320833 0.492188 0.320833 0.493750 0.322917 0.495312 0.322917 0.496875 0.325000 0.498437 0.325000 0.495312 0.320833 0.496875 0.318750 0.498437 0.318750 0.500000 0.320833 0.501563 0.320833 0.503125 0.322917 0.503125 0.327083 0.501563 0.329167 0.503125 0.331250 0.503125 0.333333 0.506250 0.333333 0.507812 0.331250 0.509375 0.331250 0.510938 0.333333 0.509375 0.335417 0.509375 0.337500 0.512500 0.341667 0.514062 0.341667 0.515625 0.343750 0.515625 0.345833 0.514062 0.347917 0.512500 0.347917 0.509375 0.352083 0.507812 0.352083 0.507812 0.354167 0.509375 0.356250 0.507812 0.358333 0.507812 0.360417 0.506250 0.362500 0.504687 0.362500 0.503125 0.360417 0.500000 0.360417 0.498437 0.362500 0.495312 0.362500 0.493750 0.360417 0.492188 0.360417 0.493750 0.360417 0.495312 0.362500 0.495312 0.364583 0.493750 0.366667 0.492188 0.366667 0.490625 0.364583 0.489063 0.364583 0.490625 0.366667 0.490625 0.368750 0.485938 0.375000 0.482812 0.370833 0.484375 0.368750 0.482812 0.366667 0.482812 0.362500 0.484375 0.360417 0.485938 0.360417 0.484375 0.360417 0.482812 0.358333 0.482812 0.356250 0.479687 0.352083 0.481250 0.350000 0.482812 0.350000 0.482812 0.347917 0.481250 0.345833 0.481250 0.341667 0.478125 0.345833 0.479687 0.347917 0.479687 0.350000 0.478125 0.352083 0.479687 0.354167 0.479687 0.356250 0.476562 0.360417 0.478125 0.360417 0.481250 0.364583 0.479687 0.366667 0.475000 0.366667 0.473438 0.364583 0.473438 0.366667 0.471875 0.368750 0.465625 0.368750 0.464062 0.366667 0.462500 0.366667 0.460938 0.368750 0.460938 0.375000 0.459375 0.377083 0.456250 0.377083 0.454688 0.375000 0.453125 0.377083 0.453125 0.379167 0.454688 0.379167 0.456250 0.381250 0.457813 0.381250 0.460938 0.377083 0.464062 0.377083 0.465625 0.379167 0.465625 0.381250 0.467187 0.381250 0.468750 0.383333 0.471875 0.383333 0.473438 0.385417 0.473438 0.387500 0.476562 0.391667 0.479687 0.391667 0.481250 0.389583 0.482812 0.389583 0.484375 0.391667 0.481250 0.395833 0.482812 0.393750 0.485938 0.393750 0.487500 0.395833 0.490625 0.395833 0.490625 0.393750 0.492188 0.391667 0.493750 0.391667 0.493750 0.389583 0.495312 0.387500 0.498437 0.387500 0.500000 0.389583 0.500000 0.393750 0.501563 0.393750 0.503125 0.395833 0.501563 0.397917 0.503125 0.397917 0.504687 0.395833 0.507812 0.400000 0.510938 0.400000 0.510938 0.397917 0.512500 0.395833 0.514062 0.395833 0.514062 0.393750 0.515625 0.391667 0.517188 0.391667 0.515625 0.391667 0.514062 0.393750 0.512500 0.393750 0.509375 0.397917 0.507812 0.397917 0.506250 0.395833 0.506250 0.393750 0.507812 0.391667 0.509375 0.391667 0.509375 0.389583 0.507812 0.389583 0.506250 0.387500 0.507812 0.385417 0.510938 0.385417 0.512500 0.387500 0.510938 0.385417 0.510938 0.383333 0.512500 0.381250 0.514062 0.381250 0.515625 0.383333 0.518750 0.383333 0.520312 0.381250 0.521875 0.383333 0.521875 0.387500 0.523438 0.389583 0.523438 0.391667 0.521875 0.393750 0.520312 0.393750 0.520312 0.395833 0.521875 0.395833 0.523438 0.397917 0.523438 0.400000 0.525000 0.402083 0.525000 0.404167 0.523438 0.406250 0.517188 0.406250 0.517188 0.408333 0.518750 0.410417 0.521875 0.410417 0.523438 0.412500 0.523438 0.414583 0.525000 0.416667 0.528125 0.412500 0.537500 0.412500 0.539062 0.414583 0.539062 0.416667 0.540625 0.418750 0.539062 0.420833 0.537500 0.420833 0.537500 0.422917 0.535937 0.425000 0.534375 0.422917 0.531250 0.422917 0.532813 0.425000 0.534375 0.425000 0.535937 0.427083 0.537500 0.427083 0.539062 0.425000 0.540625 0.425000 0.543750 0.429167 0.548438 0.422917 0.545312 0.418750 0.548438 0.414583 0.551562 0.414583 0.553125 0.416667 0.553125 0.418750 0.554688 0.420833 0.554688 0.422917 0.556250 0.422917 0.556250 0.420833 0.557813 0.418750 0.559375 0.418750 0.560937 0.416667 0.564063 0.416667 0.564063 0.414583 0.560937 0.410417 0.562500 0.408333 0.564063 0.408333 0.564063 0.406250 0.560937 0.410417 0.559375 0.410417 0.556250 0.414583 0.553125 0.410417 0.554688 0.408333 0.556250 0.408333 0.556250 0.406250 0.554688 0.406250 0.553125 0.408333 0.550000 0.408333 0.548438 0.406250 0.546875 0.406250 0.543750 0.410417 0.540625 0.406250 0.529687 0.406250 0.528125 0.404167 0.526563 0.404167 0.525000 0.402083 0.526563 0.400000 0.526563 0.397917 0.528125 0.395833 0.531250 0.395833 0.532813 0.393750 0.534375 0.395833 0.535937 0.395833 0.535937 0.393750 0.534375 0.393750 0.532813 0.391667 0.532813 0.389583 0.531250 0.389583 0.529687 0.387500 0.531250 0.385417 0.534375 0.385417 0.535937 0.387500 0.537500 0.387500 0.539062 0.385417 0.540625 0.385417 0.542188 0.387500 0.543750 0.387500 0.543750 0.385417 0.546875 0.381250 0.546875 0.379167 0.548438 0.377083 0.551562 0.381250 0.554688 0.377083 0.556250 0.377083 0.559375 0.381250 0.560937 0.381250 0.564063 0.385417 0.565625 0.385417 0.567187 0.387500 0.565625 0.389583 0.564063 0.389583 0.559375 0.395833 0.557813 0.395833 0.556250 0.397917 0.554688 0.397917 0.553125 0.395833 0.553125 0.393750 0.554688 0.391667 0.556250 0.391667 0.554688 0.391667 0.553125 0.393750 0.551562 0.393750 0.550000 0.391667 0.546875 0.391667 0.550000 0.395833 0.548438 0.397917 0.548438 0.400000 0.548438 0.397917 0.550000 0.395833 0.553125 0.395833 0.554688 0.397917 0.554688 0.400000 0.556250 0.400000 0.559375 0.395833 0.560937 0.395833 0.564063 0.400000 0.564063 0.397917 0.565625 0.395833 0.568750 0.395833 0.570312 0.397917 0.570312 0.400000 0.573438 0.400000 0.573438 0.397917 0.575000 0.395833 0.578125 0.400000 0.579688 0.400000 0.581250 0.397917 0.584375 0.397917 0.589063 0.404167 0.587500 0.406250 0.584375 0.406250 0.582812 0.408333 0.581250 0.406250 0.579688 0.406250 0.578125 0.408333 0.579688 0.408333 0.581250 0.410417 0.578125 0.414583 0.579688 0.414583 0.581250 0.412500 0.584375 0.412500 0.585938 0.414583 0.585938 0.416667 0.589063 0.416667 0.590625 0.418750 0.589063 0.420833 0.587500 0.420833 0.587500 0.422917 0.589063 0.422917 0.590625 0.425000 0.590625 0.427083 0.589063 0.429167 0.587500 0.429167 0.585938 0.431250 0.585938 0.435417 0.584375 0.437500 0.584375 0.439583 0.582812 0.441667 0.579688 0.437500 0.578125 0.439583 0.581250 0.439583 0.582812 0.441667 0.581250 0.443750 0.571875 0.443750 0.570312 0.441667 0.571875 0.439583 0.571875 0.437500 0.559375 0.437500 0.559375 0.439583 0.564063 0.439583 0.565625 0.441667 0.564063 0.443750 0.559375 0.443750 0.557813 0.445833 0.548438 0.445833 0.548438 0.450000 0.546875 0.452083 0.546875 0.454167 0.543750 0.458333 0.542188 0.458333 0.540625 0.460417 0.539062 0.458333 0.539062 0.454167 0.537500 0.456250 0.532813 0.456250 0.531250 0.458333 0.525000 0.458333 0.523438 0.456250 0.525000 0.454167 0.523438 0.454167 0.521875 0.456250 0.518750 0.456250 0.518750 0.458333 0.517188 0.460417 0.514062 0.460417 0.512500 0.462500 0.510938 0.462500 0.510938 0.466667 0.514062 0.470833 0.512500 0.472917 0.512500 0.475000 0.510938 0.477083 0.510938 0.481250 0.514062 0.485417 0.512500 0.487500 0.512500 0.495833 0.515625 0.500000 0.515625 0.506250 0.514062 0.508333 0.514062 0.510417 0.512500 0.512500 0.514062 0.514583 0.514062 0.516667 0.512500 0.518750 0.512500 0.520833 0.510938 0.522917 0.510938 0.537500 0.509375 0.539583 0.509375 0.552083 0.507812 0.554167 0.507812 0.556250 0.506250 0.558333 0.506250 0.560417 0.503125 0.564583 0.503125 0.566667 0.501563 0.568750 0.501563 0.575000 0.500000 0.577083 0.500000 0.581250 0.501563 0.583333 0.500000 0.585417 0.500000 0.587500 0.501563 0.589583 0.501563 0.616667 0.500000 0.618750 0.501563 0.620833 0.496875 0.627083 0.495312 0.627083 0.495312 0.629167 0.492188 0.633333 0.490625 0.633333 0.490625 0.637500 0.489063 0.639583 0.485938 0.639583 0.485938 0.647917 0.484375 0.650000 0.484375 0.654167 0.482812 0.656250 0.478125 0.656250 0.473438 0.662500 0.470313 0.662500 0.468750 0.664583 0.468750 0.666667 0.465625 0.670833 0.462500 0.670833 0.460938 0.672917 0.457813 0.672917 0.456250 0.675000 0.454688 0.675000 0.454688 0.677083 0.451562 0.681250 0.451562 0.683333 0.450000 0.685417 0.448437 0.685417 0.446875 0.687500 0.445312 0.687500 0.443750 0.689583 0.440625 0.689583 0.439063 0.691667 0.439063 0.693750 0.432812 0.702083 0.431250 0.702083 0.425000 0.710417 0.423438 0.710417 0.421875 0.712500 0.421875 0.714583 0.418750 0.718750 0.417187 0.718750 0.415625 0.720833 0.415625 0.722917 0.412500 0.727083 0.412500 0.731250 0.410938 0.733333 0.407813 0.733333 0.406250 0.735417 0.404687 0.735417 0.401562 0.739583 0.400000 0.739583 0.398438 0.741667 0.395313 0.741667 0.393750 0.743750 0.382812 0.743750 0.381250 0.745833 0.376563 0.745833 0.376563 0.750000 0.378125 0.747917 0.381250 0.747917 0.382812 0.750000 0.387500 0.750000 0.389062 0.752083 0.384375 0.758333 0.382812 0.758333 0.379688 0.754167 0.376563 0.758333 0.371875 0.758333 0.370312 0.756250 0.368750 0.756250 0.367188 0.758333 0.365625 0.758333 0.360938 0.764583 0.360938 0.766667 0.359375 0.768750 0.359375 0.770833 0.356250 0.775000 0.356250 0.779167 0.354687 0.781250 0.353125 0.781250 0.353125 0.785417 0.350000 0.789583 0.350000 0.795833 0.348438 0.797917 0.346875 0.797917 0.346875 0.802083 0.343750 0.806250 0.343750 0.810417 0.340625 0.814583 0.339062 0.814583 0.331250 0.825000 0.329688 0.825000 0.329688 0.827083 0.326562 0.831250 0.325000 0.831250 0.323437 0.833333 0.321875 0.833333 0.320312 0.835417 0.320312 0.837500 0.318750 0.839583 0.318750 0.843750 0.328125 0.843750 0.329688 0.845833 0.339062 0.845833 0.340625 0.843750 0.343750 0.843750 0.345313 0.845833 0.354687 0.845833 0.356250 0.843750 0.357812 0.843750 0.359375 0.845833 0.385937 0.845833 0.387500 0.843750 0.389062 0.843750 0.390625 0.845833 0.401562 0.845833 0.403125 0.843750 0.404687 0.845833 0.417187 0.845833 0.418750 0.843750 0.420312 0.845833 0.901563 0.845833 0.903125 0.843750 0.915625 0.843750 0.917188 0.841667 0.923438 0.841667 0.923438 0.810417 0.925000 0.808333 0.925000 0.802083 0.923438 0.800000 0.923438 0.795833 0.925000 0.793750 0.925000 0.785417 0.923438 0.783333 0.923438 0.781250 0.925000 0.779167 0.925000 0.770833 0.923438 0.768750 0.923438 0.764583 0.925000 0.762500 0.923438 0.760417 0.923438 0.750000 0.925000 0.747917 0.925000 0.745833 0.923438 0.743750 0.923438 0.733333 0.925000 0.731250 0.923438 0.729167 0.923438 0.718750 0.925000 0.716667 0.925000 0.714583 0.923438 0.712500 0.923438 0.702083 0.925000 0.700000 0.925000 0.531250 0.926562 0.529167 0.926562 0.527083 0.925000 0.525000 0.925000 0.514583 0.926562 0.512500 0.925000 0.510417 0.925000 0.508333 0.926562 0.506250 0.926562 0.504167 0.925000 0.502083 0.925000 0.500000 0.926562 0.497917 0.926562 0.495833 0.925000 0.493750 0.925000 0.491667 0.926562 0.489583 0.925000 0.487500 0.925000 0.483333 0.926562 0.481250 0.926562 0.479167 0.925000 0.477083 0.926562 0.475000 0.926562 0.472917 0.925000 0.470833 0.925000 0.389583 0.926562 0.387500 0.925000 0.385417 0.925000 0.375000 0.926562 0.372917 0.926562 0.370833 0.925000 0.368750 0.926562 0.366667 0.926562 0.260417 0.925000 0.258333 0.925000 0.252083 0.926562 0.250000 0.926562 0.179167 0.923438 0.175000 0.923438 0.172917 0.921875 0.170833 0.921875 0.166667 0.923438 0.164583 0.921875 0.162500 0.921875 0.160417 0.923438 0.158333 0.923438 0.135417 0.925000 0.133333 0.925000 0.127083 0.923438 0.125000 0.923438 0.104167 0.925000 0.102083 0.921875 0.097917 0.921875 0.091667 0.920312 0.089583 0.920312 0.085417 0.918750 0.083333 0.917188 0.083333 0.915625 0.081250 0.915625 0.077083 0.907813 0.077083 0.906250 0.075000 0.906250 0.072917 0.904687 0.072917 0.903125 0.070833 
